user_id,30,457,571,886,1145,1180,1220,1307,1428,1542,1798,1865,1905,1962,2152,2372,2452,2782,2862,3106,3151,3282,3427,3624,3860,3938,3962,4123,4306,4432
0,7,5,5,4,4,3,5,5,5,4,4,5,5,5,5,3,4,5,5,5,4,2,5,3,5,4,4,5,4,5,5
1,2469,5,3,4,5,5,5,5,5,5,5,4,1,3,4,5,4,2,3,5,4,2,5,5,5,5,5,5,4,5,5
2,4421,3,2,5,4,2,4,3,3,3,5,4,4,4,3,3,3,5,5,5,3,2,4,3,4,3,3,4,4,5,3
3,7599,4,5,4,3,3,4,4,3,3,3,4,5,4,3,4,4,4,4,5,4,3,4,3,4,4,4,4,4,4,3
4,9850,5,5,1,5,3,5,3,4,2,4,5,1,5,5,5,5,3,5,5,5,3,2,3,3,2,5,5,5,5,3
5,11043,5,3,3,5,5,3,5,5,5,5,5,2,5,5,5,4,4,5,4,4,3,3,4,4,4,4,5,5,4,5
6,11796,4,4,4,5,2,4,4,1,3,2,5,5,3,3,4,2,5,5,5,4,3,4,4,4,3,5,5,4,5,3
7,12812,2,4,4,5,5,3,4,4,4,5,4,3,4,3,4,4,4,3,5,5,5,3,3,4,4,4,5,4,4,4
8,13266,3,5,5,2,5,2,2,3,3,5,5,5,5,3,4,4,5,5,5,4,4,5,3,5,4,4,5,5,5,4
9,15420,3,3,4,4,3,4,3,3,3,3,3,2,3,2,3,4,4,4,4,4,2,3,2,4,2,3,4,3,4,4
10,17246,5,4,4,2,4,5,3,4,4,4,4,2,5,5,2,5,5,5,5,4,2,1,2,5,4,4,5,4,4,4
11,19162,5,4,3,5,3,4,4,4,4,4,3,4,5,4,4,4,5,5,5,5,2,4,5,4,4,4,4,4,5,3
12,19970,4,4,4,4,4,3,4,4,4,5,4,5,5,5,4,5,5,3,5,4,4,5,4,4,4,5,4,3,5,5
13,20392,5,4,4,5,4,5,5,5,5,4,4,3,5,5,5,4,5,5,5,5,3,3,5,5,5,5,5,5,5,1
14,21823,3,5,4,4,3,2,4,4,3,5,4,4,4,4,3,4,5,5,5,3,4,4,3,4,2,5,5,3,5,3
15,25606,3,5,5,5,3,4,3,3,4,4,5,4,4,4,4,4,5,5,5,4,5,4,3,5,3,5,5,4,5,5
16,33612,4,5,5,4,3,3,3,4,4,3,4,5,5,5,3,4,5,5,5,4,5,3,3,4,3,5,5,3,4,4
17,35824,4,3,2,5,3,3,5,4,4,5,3,2,5,4,4,5,5,4,4,5,3,3,3,5,4,5,5,3,5,3
18,36212,5,3,4,4,3,5,4,3,2,3,4,5,4,4,4,4,4,5,4,4,3,4,1,4,4,4,5,4,5,5
19,37188,4,5,5,5,3,5,4,3,4,5,4,4,3,3,5,4,4,5,5,5,4,5,2,4,3,5,5,4,4,4
20,39242,3,5,5,3,1,4,2,1,2,3,3,3,4,3,3,3,1,3,4,3,3,3,3,2,3,3,3,3,4,2
21,42147,5,5,5,5,3,4,5,4,5,4,2,5,2,3,3,5,5,5,5,3,3,5,4,4,4,5,5,4,3,5
22,42811,3,4,5,4,5,5,5,4,4,5,4,4,5,4,4,5,5,5,5,5,4,4,4,5,4,5,5,4,5,4
23,44734,4,2,5,5,2,3,4,3,4,5,5,5,5,3,3,4,5,5,5,5,4,4,2,4,3,4,5,3,4,4
24,45207,2,4,5,4,3,4,4,4,4,3,5,4,5,4,3,4,5,5,5,5,5,3,4,5,4,4,5,4,5,4
25,48285,4,3,4,4,4,3,5,4,4,5,5,4,5,4,4,5,5,5,5,3,3,3,3,3,4,5,5,3,3,4
26,49585,4,3,3,5,4,4,5,3,3,3,3,3,4,5,4,4,4,4,4,4,2,2,3,4,3,5,4,4,4,4
27,51451,4,5,5,4,2,4,3,1,2,3,2,5,4,4,3,3,5,5,4,2,5,2,4,2,5,5,5,3,5,2
28,53782,5,4,4,5,4,4,5,4,5,5,5,3,5,5,4,5,5,5,5,5,3,5,5,4,4,5,5,5,5,5
29,57342,5,5,4,4,3,4,4,3,3,4,4,5,4,4,3,4,4,5,5,2,5,5,3,4,4,4,5,3,4,4
30,59876,3,5,3,5,2,5,5,2,2,4,4,5,2,4,3,4,4,5,4,3,4,5,3,3,3,3,4,5,5,2
31,70721,4,1,1,4,3,4,5,1,3,5,3,1,4,4,4,4,1,5,3,4,1,3,1,5,3,4,5,4,3,4
32,71743,2,5,5,5,3,4,4,4,4,4,5,4,4,4,3,4,5,5,5,3,5,5,2,5,2,5,5,3,4,4
33,71765,4,5,5,5,5,5,4,2,4,4,4,5,5,4,3,4,5,5,4,4,4,4,3,5,3,5,5,4,5,3
34,72607,3,3,3,5,3,4,3,4,4,1,3,1,5,4,3,3,5,5,4,4,5,2,3,3,4,5,3,4,5,4
35,81074,3,2,5,3,2,2,3,1,3,2,3,5,3,3,3,3,3,4,4,5,2,3,3,3,2,3,5,4,4,2
36,82404,4,5,4,4,2,4,4,3,3,3,3,5,5,3,4,5,5,5,4,4,2,4,3,4,5,4,5,3,4,4
37,82457,2,1,4,5,3,2,4,5,3,3,4,3,5,4,2,2,4,3,3,5,5,1,4,4,4,5,4,2,5,4
38,84213,4,5,5,4,3,2,3,4,3,4,5,4,5,3,3,4,5,4,5,4,3,4,4,4,2,5,5,3,5,5
39,96124,4,4,5,4,4,5,4,4,4,4,3,4,4,3,3,3,5,4,4,5,3,4,2,4,3,4,5,3,4,4
40,96539,3,5,5,5,2,4,4,3,1,3,3,5,5,4,3,4,5,4,4,3,3,4,3,4,4,5,5,5,4,4
41,100495,5,3,5,5,5,5,4,5,5,5,5,4,5,5,5,5,5,5,5,5,4,3,4,4,5,4,3,5,5,5
42,111736,5,5,3,4,3,4,5,4,3,3,5,2,5,3,1,4,5,5,5,5,5,4,3,5,4,5,5,1,5,5
43,115055,3,4,3,4,4,4,5,4,4,3,5,3,5,5,5,4,5,5,4,4,2,4,5,4,3,5,5,4,4,5
44,115507,5,3,4,4,3,4,3,2,3,5,5,4,5,4,4,4,5,3,4,4,3,5,2,3,4,5,5,2,5,3
45,115937,4,4,4,4,3,4,4,4,3,4,4,4,4,4,4,5,5,5,4,3,1,5,4,4,4,4,5,2,4,4
46,118341,4,4,5,4,3,4,3,4,3,5,4,5,4,4,4,4,5,5,4,3,3,4,3,4,4,4,5,5,5,4
47,119287,5,4,4,5,5,3,3,4,3,5,4,3,4,5,5,4,4,3,5,3,3,3,3,4,5,3,4,3,5,3
48,121943,4,3,4,5,5,4,4,5,4,4,3,5,5,4,3,4,5,4,3,5,3,4,3,4,3,5,5,3,5,4
49,124699,5,3,4,5,2,5,4,3,3,4,5,5,5,4,5,4,5,5,5,5,2,4,4,5,3,5,5,3,5,3
50,132384,3,5,5,4,2,5,3,1,4,4,3,5,4,5,3,2,5,5,5,4,5,5,3,5,4,5,5,4,4,3
51,136058,5,2,3,3,4,3,4,4,4,5,5,1,5,4,5,5,4,5,3,5,1,3,5,3,3,5,4,2,5,5
52,136477,3,5,5,4,2,4,4,3,3,3,5,3,5,4,4,4,5,5,5,4,3,5,4,4,2,5,5,4,5,4
53,150663,1,5,5,1,4,3,1,5,4,4,4,5,4,5,4,4,4,5,4,3,5,2,3,3,5,4,4,4,4,4
54,151821,2,4,4,3,2,3,2,3,2,3,3,4,3,2,2,3,4,4,5,3,3,4,2,3,2,3,5,2,4,3
55,152807,4,5,5,4,5,4,5,5,5,3,5,2,5,5,5,5,5,5,5,5,4,3,5,5,5,5,5,4,4,5
56,152955,3,5,5,4,3,4,5,3,3,3,4,4,5,4,4,4,4,4,4,3,5,4,3,4,4,5,5,4,4,4
57,153217,4,4,4,4,4,4,4,4,4,4,4,3,4,5,4,4,5,5,4,4,4,4,3,5,3,5,5,4,4,4
58,158785,4,3,4,4,4,5,4,3,4,5,5,1,4,3,4,3,2,4,5,5,2,3,2,4,3,3,5,4,4,3
59,164532,5,4,3,5,4,4,5,3,4,5,4,4,4,5,4,5,5,5,4,4,3,3,4,5,4,5,4,5,4,4
60,164647,4,5,5,5,3,5,5,3,5,3,4,4,4,3,3,3,5,5,5,5,5,5,4,5,2,5,5,2,5,4
61,168263,4,1,5,4,3,4,4,3,4,5,4,2,4,3,4,5,4,4,5,5,3,4,3,4,2,4,5,4,5,4
62,175371,4,4,2,5,2,5,4,5,4,2,4,4,4,3,3,4,5,5,4,2,5,3,2,4,4,5,4,3,4,4
63,175631,3,3,4,4,2,4,3,2,3,5,3,4,4,3,3,2,4,5,5,4,2,3,3,3,5,5,5,4,5,4
64,176774,3,3,3,4,3,3,3,3,3,3,3,3,4,3,3,4,2,5,4,3,2,4,2,4,2,4,4,3,3,3
65,178645,3,5,4,4,3,5,4,3,3,3,4,5,5,2,3,4,5,5,4,3,4,3,3,5,4,3,4,3,5,3
66,182780,3,1,1,4,2,5,5,4,4,4,4,4,4,4,2,4,5,5,3,4,3,1,4,4,3,4,3,4,5,4
67,183880,3,5,4,5,3,4,5,4,4,3,4,3,5,3,3,5,5,5,5,4,2,3,4,5,4,4,5,4,5,5
68,184660,5,5,4,3,3,4,2,3,3,3,3,5,4,4,4,4,4,5,4,5,3,4,3,4,4,4,4,4,4,3
69,189814,4,3,4,4,4,5,4,4,5,3,5,3,3,4,4,5,5,5,4,5,2,4,3,4,3,5,5,3,4,5
70,189887,3,4,3,5,4,4,5,4,3,4,5,2,5,3,5,5,5,5,5,5,2,3,4,5,4,3,5,5,4,4
71,191760,4,4,4,3,4,2,4,3,3,4,3,3,5,4,3,4,4,5,4,2,4,2,3,3,3,4,4,3,4,4
72,194528,4,4,3,4,2,4,3,4,3,4,5,4,5,4,3,4,5,5,4,3,3,4,4,3,4,4,4,3,4,3
73,196027,5,4,4,5,3,3,4,3,3,5,5,3,5,5,4,5,5,5,5,5,4,3,5,5,4,5,5,4,5,5
74,197482,3,5,5,4,3,5,5,4,4,4,4,4,4,4,3,4,5,5,5,4,4,2,3,5,4,4,4,2,5,4
75,197999,4,5,3,5,3,5,4,3,4,4,4,5,4,3,4,5,5,5,5,4,4,4,3,5,4,5,5,4,5,4
76,199769,3,5,5,3,2,5,2,1,2,2,4,5,4,1,1,5,5,5,5,2,5,5,2,3,3,4,5,1,5,2
77,200177,5,3,4,5,3,4,4,4,1,4,5,3,4,4,4,5,5,5,5,4,5,4,4,4,4,5,5,2,5,4
78,200734,5,4,5,4,2,5,3,2,4,4,4,3,5,4,4,4,5,5,5,4,4,4,3,5,5,5,5,4,5,4
79,200805,3,4,3,4,3,3,3,4,3,3,3,5,5,3,3,5,5,3,3,3,3,3,4,4,3,4,4,3,3,4
80,202435,5,4,5,5,4,5,5,4,5,5,4,4,5,4,4,5,5,4,4,5,3,5,5,5,4,5,5,4,5,3
81,203738,4,4,4,5,3,4,3,3,4,4,5,4,4,4,5,4,5,5,5,4,4,4,4,4,4,5,4,4,5,4
82,206243,3,1,4,4,4,4,4,5,4,4,3,1,3,4,4,3,4,4,5,4,4,2,4,4,3,4,4,4,4,4
83,210864,4,5,3,4,3,4,3,4,3,4,5,4,5,4,4,3,4,4,5,5,2,3,1,3,4,4,3,2,5,4
84,212867,4,4,5,3,3,4,5,5,4,4,5,4,3,3,4,5,5,5,4,4,4,3,3,5,5,5,4,5,4,5
85,214254,4,3,4,4,4,4,4,4,4,5,5,1,5,4,5,5,4,5,4,5,1,3,4,4,3,4,4,5,4,5
86,214501,3,5,5,3,3,3,4,3,3,5,3,5,4,4,4,5,5,4,5,4,3,5,3,4,2,5,5,2,4,5
87,216059,3,2,5,4,1,3,2,2,3,2,3,2,4,4,2,3,2,4,3,4,3,3,1,3,2,1,4,2,4,2
88,217762,4,3,3,4,2,4,4,3,3,3,4,4,4,3,3,4,4,4,4,4,3,3,3,5,3,5,5,3,4,3
89,220842,3,5,4,4,2,4,4,3,3,4,4,3,5,3,4,4,5,5,4,5,3,5,4,3,5,4,5,4,5,4
90,222553,4,5,3,5,4,5,5,5,5,2,4,4,5,5,4,5,5,4,5,4,4,4,5,5,5,5,5,4,5,5
91,227463,4,1,4,5,5,5,5,5,4,4,4,5,5,4,5,5,5,5,5,5,3,3,5,5,5,5,5,5,5,4
92,228614,4,5,2,4,3,3,4,4,4,3,4,3,4,5,4,4,4,3,5,5,4,3,3,4,3,3,3,3,5,3
93,228978,5,4,5,5,4,5,5,3,4,4,4,5,4,4,2,4,3,4,5,4,4,5,2,4,3,4,4,4,5,4
94,232112,2,1,5,3,4,3,3,4,4,4,4,1,5,3,3,3,5,4,4,4,1,1,3,2,4,4,5,2,4,3
95,232877,4,3,4,3,5,5,4,3,3,4,5,2,4,4,3,3,2,5,5,4,2,3,3,5,4,3,5,4,5,4
96,234275,4,3,2,4,4,1,3,4,4,2,3,2,5,4,2,3,5,5,5,3,2,3,3,4,2,5,4,2,4,3
97,243612,4,4,4,4,3,4,4,4,4,4,4,3,4,4,3,4,3,3,5,3,3,4,3,4,3,4,3,3,4,4
98,245597,4,5,4,4,3,4,3,3,4,4,4,3,5,5,4,4,5,5,5,5,3,4,3,5,3,5,5,3,5,4
99,247660,2,4,5,4,3,4,3,3,4,4,4,4,3,4,3,4,5,3,5,3,3,4,3,4,4,1,4,2,5,5
100,247932,4,5,5,5,2,3,5,3,2,5,3,3,5,3,3,4,5,5,5,4,4,2,3,4,4,4,4,2,4,4
101,251520,5,4,3,4,3,5,4,3,4,5,3,4,4,4,5,4,5,5,4,3,1,3,2,5,3,4,3,5,5,3
102,254530,4,4,4,4,4,5,4,3,4,4,4,4,4,4,3,4,4,4,5,3,2,4,2,5,4,5,5,3,4,4
103,255229,5,5,5,2,1,4,3,4,3,3,3,5,4,4,4,5,5,5,4,3,3,4,4,5,3,5,5,2,4,4
104,255357,5,4,4,4,3,5,5,3,4,5,5,4,5,5,4,4,5,5,5,5,3,4,3,5,4,4,5,3,5,5
105,256676,4,4,4,5,3,5,4,4,3,3,3,4,4,4,3,3,4,4,4,2,4,3,4,3,4,4,4,2,4,4
106,257095,3,3,4,4,4,4,3,2,2,3,3,4,5,3,2,4,5,3,3,4,4,4,2,4,2,5,5,1,5,4
107,257622,2,4,4,4,3,4,4,2,2,4,4,4,3,3,3,4,4,5,5,3,4,4,2,4,2,4,4,4,4,2
108,260616,3,5,4,3,2,3,3,3,3,4,3,4,5,5,4,3,5,5,5,4,2,4,5,3,5,5,5,3,4,5
109,262880,4,5,5,5,3,4,5,2,3,4,4,4,5,4,4,5,3,5,5,4,4,4,3,4,3,5,5,3,5,4
110,264856,4,5,5,5,3,5,4,3,3,5,4,5,3,5,3,5,5,5,5,4,4,4,4,4,4,5,4,5,5,4
111,264900,4,5,4,4,3,4,4,3,3,4,4,5,5,4,4,5,5,5,5,4,2,4,3,5,4,5,5,4,5,4
112,265257,5,5,4,5,5,4,5,5,5,4,5,2,5,5,5,5,5,5,5,5,2,4,2,4,5,5,5,5,5,5
113,270890,5,5,3,4,4,4,5,4,3,4,3,3,4,4,5,5,5,5,5,4,2,2,4,4,2,5,5,4,4,4
114,273251,4,5,3,5,4,5,3,4,3,5,4,4,5,4,4,4,5,5,5,5,3,2,3,4,4,5,5,5,5,4
115,276869,4,3,3,4,3,3,4,3,4,4,4,3,3,4,4,4,4,4,4,3,3,3,3,4,4,4,4,3,4,4
116,278913,5,3,4,4,3,1,4,3,3,4,3,3,3,5,3,4,3,5,5,4,2,3,3,3,3,3,3,3,5,3
117,281216,4,4,3,3,3,4,3,3,3,4,3,5,5,5,1,4,4,5,4,3,5,4,3,4,2,3,3,3,3,3
118,287439,4,4,5,5,3,5,3,3,3,3,5,3,5,4,3,4,5,5,5,4,3,3,4,4,3,4,5,4,5,4
119,287545,4,4,4,5,4,4,5,5,5,4,5,3,4,5,5,5,4,4,5,3,4,4,2,4,5,5,4,4,5,4
120,290007,5,4,3,3,5,4,5,4,4,2,4,1,5,5,4,5,5,4,5,3,2,1,3,4,5,5,5,4,5,3
121,291728,3,4,5,4,2,3,4,4,4,4,5,4,4,4,3,4,5,4,5,3,5,3,3,3,4,3,4,3,5,4
122,292269,4,5,3,4,1,4,2,3,3,4,4,5,3,4,3,3,5,5,5,3,3,3,3,4,3,3,5,3,5,3
123,297682,2,1,5,2,3,3,2,5,5,3,4,2,5,4,3,4,5,4,3,4,4,1,5,3,4,5,4,4,5,3
124,298221,4,3,3,4,3,4,4,3,4,3,4,3,4,3,3,4,4,2,3,4,2,4,3,4,4,4,3,3,4,4
125,299805,3,4,3,4,3,3,4,4,4,4,5,3,4,4,3,5,3,4,4,4,3,3,4,4,4,4,5,3,4,5
126,299994,1,4,3,4,3,3,5,3,3,3,5,2,4,4,4,4,4,4,4,4,5,2,4,4,3,4,5,3,5,4
127,304879,4,3,4,5,3,3,5,3,3,4,4,4,3,4,4,5,4,4,5,4,5,4,3,4,3,3,5,3,4,4
128,306564,4,5,5,5,3,4,3,3,4,3,5,4,5,4,4,5,5,5,5,3,5,4,3,4,3,5,5,1,4,2
129,310178,4,4,5,4,3,5,3,3,4,4,4,1,4,4,3,4,4,4,5,4,4,4,2,4,3,4,5,4,5,4
130,312695,3,3,3,4,5,3,5,3,4,5,4,3,4,5,4,4,5,5,5,5,4,4,5,5,5,5,5,4,5,3
131,314379,2,5,5,4,3,4,5,5,3,4,2,4,5,2,3,4,5,5,5,3,4,2,4,5,4,3,4,3,5,3
132,315833,4,5,5,4,3,5,4,4,4,4,5,4,5,5,4,5,5,5,5,4,2,5,3,5,5,5,5,4,4,5
133,320939,4,4,2,5,4,4,4,3,4,4,5,3,5,5,5,4,5,5,5,4,2,3,3,4,4,5,5,4,5,4
134,325844,3,5,4,4,3,4,4,4,3,3,5,5,5,4,4,4,5,5,4,3,5,4,4,5,4,5,5,4,5,3
135,326121,2,2,5,3,1,2,3,2,4,3,3,5,2,2,2,2,4,5,1,3,3,4,1,4,1,4,3,2,3,5
136,331341,3,5,5,4,3,4,4,3,3,4,4,4,4,3,4,3,5,5,5,4,4,3,3,4,3,4,5,4,3,4
137,338210,3,5,2,5,2,5,5,3,3,5,4,4,4,4,4,5,4,4,5,4,5,3,4,4,4,5,5,4,5,5
138,342700,2,3,4,3,4,4,3,4,3,3,5,2,5,4,5,5,5,5,4,4,3,2,5,5,4,4,5,5,5,5
139,347549,5,3,4,5,3,4,5,4,4,5,4,2,5,4,5,5,5,5,5,4,3,4,4,5,4,5,5,3,4,5
140,349411,4,1,3,4,4,3,5,4,5,4,4,3,4,5,4,4,4,4,4,5,2,2,2,5,3,5,4,3,5,4
141,353477,4,4,5,5,4,5,4,4,4,5,5,4,5,5,4,4,5,5,4,5,3,3,5,4,4,5,5,4,5,4
142,365957,3,4,5,4,3,3,3,4,4,4,4,3,4,4,4,3,1,4,4,4,2,3,3,5,3,3,5,4,4,4
143,366815,4,5,4,5,3,5,5,4,5,4,3,4,4,4,5,4,5,5,4,4,2,4,5,4,3,5,5,5,5,3
144,367186,2,1,4,4,3,4,4,4,4,3,3,1,4,5,3,4,3,3,4,3,3,4,4,4,4,4,4,4,5,5
145,370735,2,4,4,3,1,3,3,1,3,2,3,4,3,2,1,2,5,4,5,2,4,5,1,3,2,3,4,1,3,2
146,372095,3,4,5,3,3,3,3,3,2,4,4,3,4,3,3,4,4,4,5,4,3,4,3,4,4,4,4,2,4,3
147,375292,3,3,3,4,3,4,4,3,4,3,3,4,4,3,4,4,4,4,4,4,3,2,4,3,4,3,4,4,5,4
148,381268,4,4,4,4,3,4,4,3,4,3,4,4,4,3,3,4,5,4,4,5,4,4,3,4,3,4,4,4,4,4
149,381326,4,5,3,5,4,5,3,3,4,4,3,3,4,4,3,2,3,5,3,5,3,3,3,4,3,3,5,4,4,3
150,383024,5,3,3,4,3,5,5,3,3,5,4,4,5,5,4,5,5,5,5,4,1,4,3,4,4,5,4,3,5,5
151,386947,4,3,3,5,3,3,5,5,4,4,5,2,3,3,4,4,3,3,5,3,3,3,4,4,4,3,4,3,5,4
152,387418,3,4,4,1,3,4,4,4,4,5,4,5,4,4,4,5,5,4,4,3,5,3,4,4,5,5,4,4,3,4
153,388514,5,3,5,5,4,3,5,3,4,5,5,5,5,5,5,4,4,4,4,3,3,5,4,4,5,5,4,4,5,4
154,391012,4,5,5,4,3,1,4,2,2,5,5,5,4,3,4,5,5,5,5,4,2,3,2,5,5,5,4,2,5,4
155,391521,4,4,4,4,3,4,3,3,3,4,5,3,4,3,4,5,3,3,4,4,3,4,2,4,2,4,4,3,4,3
156,392426,5,5,4,4,4,5,5,5,5,4,4,4,5,4,4,5,5,5,4,4,4,4,4,5,4,5,5,4,4,4
157,394409,4,4,4,3,2,4,4,3,4,4,4,3,4,3,3,3,5,4,4,3,1,4,3,4,3,4,4,3,5,4
158,396029,3,4,4,4,4,5,4,2,3,3,3,5,4,3,4,5,5,4,4,5,5,3,3,5,4,4,5,3,5,5
159,397929,4,4,4,4,3,5,4,4,4,4,5,3,5,3,3,4,5,5,4,5,3,4,3,4,4,4,5,3,5,3
160,398194,4,5,5,5,3,4,4,4,4,4,4,5,4,4,3,5,5,5,5,4,5,4,4,5,4,5,4,5,5,5
161,399713,4,4,3,5,2,5,4,2,4,4,4,3,5,3,3,5,5,4,5,3,2,4,4,3,4,4,5,4,5,4
162,400440,4,4,5,5,3,5,5,3,3,5,4,5,4,4,4,3,5,5,5,4,1,4,2,5,4,5,5,4,5,4
163,401290,5,5,4,5,5,4,5,5,5,5,5,4,5,5,5,5,5,5,5,5,2,5,5,5,5,5,5,4,5,5
164,402377,3,3,5,4,2,4,4,3,3,2,3,5,4,1,3,5,4,5,3,4,4,4,1,5,3,4,4,4,5,3
165,402413,3,4,4,4,3,4,3,3,4,4,4,3,3,3,4,3,4,4,4,4,2,3,3,3,3,4,4,5,5,4
166,406160,4,5,4,5,2,3,5,5,5,4,5,1,5,3,4,2,5,5,5,4,5,4,3,5,5,5,4,4,3,4
167,407037,2,3,4,4,2,4,1,3,4,2,4,3,5,4,3,4,5,4,5,4,2,1,2,4,2,3,4,3,5,2
168,412439,4,5,5,5,3,5,3,4,4,4,4,5,4,4,3,3,5,5,5,4,3,3,3,5,2,4,5,4,5,4
169,414725,3,3,4,3,3,4,4,3,3,4,5,3,4,3,4,3,4,5,4,5,3,3,3,4,4,3,4,4,5,4
170,415098,4,4,2,5,3,5,4,4,4,3,5,3,5,4,4,3,5,5,5,4,3,3,4,5,3,4,5,5,4,3
171,416310,4,4,5,5,3,5,4,3,3,4,3,4,5,3,2,4,5,4,5,5,4,4,2,5,5,4,4,4,5,3
172,418339,2,3,3,3,3,3,3,2,2,4,4,3,5,3,2,3,4,5,4,4,1,3,3,3,2,5,4,3,4,4
173,424505,5,2,4,5,3,4,5,5,5,5,5,5,3,3,4,5,5,5,5,5,3,4,4,5,3,5,5,3,4,5
174,425394,3,3,4,4,2,4,4,3,4,4,4,5,4,2,3,4,1,4,5,3,5,4,2,2,3,5,5,3,5,4
175,426352,5,4,4,3,3,3,5,3,3,5,3,2,5,3,4,5,5,4,5,4,5,3,3,4,4,5,3,2,5,5
176,429045,3,4,5,5,2,4,4,2,3,3,4,3,5,4,4,4,4,5,5,3,2,3,3,4,4,4,4,4,5,4
177,429997,4,4,2,5,3,4,4,3,4,4,4,4,5,5,3,4,4,5,5,5,3,4,3,4,4,5,4,3,4,4
178,430738,5,5,3,4,3,3,5,5,4,4,4,5,5,5,4,4,5,5,4,5,4,4,4,4,4,3,5,4,5,5
179,438733,5,4,4,4,4,5,5,3,4,3,4,4,4,4,4,4,4,4,4,4,5,4,3,4,2,4,5,4,5,3
180,442234,5,4,5,5,2,5,5,3,4,3,4,3,5,4,4,4,1,5,3,3,4,4,3,3,5,2,3,4,5,3
181,445024,5,5,5,5,2,5,4,4,4,4,5,3,5,4,3,5,5,5,5,5,3,3,3,5,4,4,5,5,5,4
182,447190,4,4,4,5,3,5,4,3,3,4,4,3,5,5,4,4,3,5,5,5,3,3,3,4,3,5,5,3,5,4
183,447759,5,5,5,5,5,5,5,4,5,5,5,5,5,5,5,5,5,5,5,4,5,5,5,5,5,5,5,5,5,5
184,452667,4,4,2,3,4,3,4,4,3,4,4,1,4,5,4,3,4,4,4,5,3,4,3,4,3,3,4,4,5,4
185,454680,4,4,3,4,4,4,5,5,5,4,5,4,3,4,4,5,3,3,4,4,2,4,3,4,5,5,3,3,5,5
186,455962,4,5,5,5,4,5,4,4,4,4,4,3,5,4,5,4,5,5,5,5,5,4,3,4,4,5,5,2,5,4
187,461110,4,2,4,4,2,3,5,5,5,4,4,3,5,4,2,4,5,5,5,3,3,3,2,5,2,4,5,4,4,5
188,463267,4,5,5,5,3,5,5,4,4,5,5,5,5,4,4,5,5,5,5,5,3,4,4,5,4,3,5,5,5,5
189,466121,4,4,4,5,2,4,5,2,4,4,5,4,4,4,4,4,5,5,4,4,4,5,3,5,4,5,5,4,5,3
190,467182,4,3,4,4,4,4,4,4,4,4,4,4,4,4,4,4,5,4,4,4,4,3,4,4,4,4,4,3,4,3
191,467885,3,4,3,4,4,3,2,3,3,3,4,2,4,5,4,3,5,3,3,3,4,1,4,4,4,4,4,3,4,4
192,468837,3,5,5,4,2,5,4,3,4,3,5,5,4,4,3,5,5,5,4,2,3,3,3,4,4,4,4,4,5,4
193,469003,5,5,5,5,4,4,5,3,5,5,5,5,5,5,3,5,5,5,5,5,4,4,3,5,5,2,5,4,5,5
194,471177,3,5,5,4,3,3,3,2,3,2,3,3,4,3,3,4,4,5,3,3,4,3,5,4,5,5,4,2,5,3
195,472332,4,5,4,5,3,2,5,4,4,3,5,4,5,4,4,4,4,5,1,1,2,4,5,4,5,5,5,5,4,3
196,472734,5,4,2,5,4,4,5,3,2,4,5,3,5,3,4,5,5,5,5,5,4,4,4,5,5,5,5,5,5,5
197,474566,5,4,4,3,2,4,3,4,4,3,4,5,5,4,4,5,5,5,5,3,3,3,4,5,4,4,4,5,5,4
198,475253,4,5,5,5,5,4,5,3,5,5,5,2,5,5,5,4,5,5,5,5,4,3,4,5,5,4,5,4,5,4
199,475437,1,5,5,4,2,5,3,2,4,4,4,5,5,5,3,5,5,4,4,4,5,5,3,3,4,5,5,3,5,4
200,475631,4,4,4,5,3,5,5,4,5,4,5,2,3,4,4,4,5,5,4,4,1,4,4,5,3,4,4,3,5,4
201,477659,4,3,3,3,3,4,4,4,4,4,5,5,5,5,4,5,5,5,4,4,4,3,3,5,3,4,1,4,4,4
202,477782,4,4,3,5,4,4,4,3,4,5,3,3,5,4,4,4,5,4,4,5,3,3,2,4,3,4,5,3,5,4
203,478932,4,4,4,4,3,4,4,4,3,5,3,3,4,4,4,4,5,3,5,5,3,4,2,4,4,5,5,4,4,4
204,480033,3,4,4,3,3,2,4,3,5,3,4,2,3,3,3,5,5,5,4,3,3,3,3,3,3,5,4,2,3,5
205,483981,3,3,3,5,5,3,4,4,4,5,4,3,5,3,5,4,4,5,5,5,3,3,3,4,3,4,5,4,5,4
206,485249,3,2,3,4,3,3,4,5,4,4,4,3,4,4,4,4,3,4,4,4,3,3,4,4,4,5,4,4,4,4
207,486946,4,4,3,3,4,3,4,3,3,3,4,4,3,4,3,3,3,3,5,3,3,3,2,4,4,3,4,3,4,3
208,489363,3,3,2,4,3,4,3,3,5,5,3,4,4,3,4,3,5,5,4,3,3,3,4,4,4,3,4,4,5,3
209,491329,4,4,4,4,3,5,5,4,4,5,4,4,3,5,5,4,5,5,4,4,5,2,2,5,3,3,5,5,5,5
210,491513,3,4,5,4,4,5,4,3,3,4,4,5,4,4,4,4,4,4,5,4,4,5,3,3,3,4,5,4,4,3
211,491769,4,3,5,4,2,4,3,2,4,2,4,4,4,3,3,4,5,5,4,2,4,3,2,4,4,4,3,3,4,2
212,493637,4,4,3,4,5,4,4,3,4,4,3,2,4,4,5,4,5,5,4,5,3,2,3,4,4,4,5,4,4,2
213,504503,4,2,2,4,4,4,4,4,4,5,3,3,5,5,2,3,5,5,4,5,2,5,2,5,4,4,5,3,4,4
214,505109,3,3,2,4,4,3,4,3,4,3,3,2,5,4,4,3,5,5,4,3,2,3,3,3,4,5,5,3,3,4
215,508042,4,5,5,4,3,3,3,2,4,3,3,5,4,4,2,4,5,4,4,1,3,4,2,4,3,4,4,4,4,3
216,508323,5,4,5,5,4,5,5,4,5,5,4,5,5,4,4,5,5,5,5,4,3,5,3,5,4,5,5,5,5,4
217,508968,3,3,5,5,3,4,4,3,3,3,4,4,4,4,3,3,5,5,5,4,3,3,3,4,3,4,4,4,4,3
218,511222,4,5,3,5,4,4,5,3,3,5,4,5,5,5,5,5,5,5,5,4,2,4,4,5,5,5,5,4,5,5
219,515441,4,5,5,5,3,5,5,4,5,4,5,4,3,3,4,4,5,5,5,4,3,4,4,5,4,4,4,3,5,5
220,516110,5,5,5,5,3,5,5,5,5,4,4,5,5,5,3,5,5,5,5,5,4,5,4,5,5,5,5,5,5,5
221,517619,4,4,5,4,4,4,4,3,5,5,5,2,5,4,4,5,4,5,5,5,3,5,4,4,4,5,5,5,5,5
222,518137,4,5,4,4,2,4,4,4,4,4,4,3,5,3,3,4,5,5,5,4,4,4,2,4,3,4,3,3,3,4
223,518542,2,5,5,5,3,5,4,3,4,4,4,5,4,3,3,4,5,5,4,4,3,4,2,4,3,5,5,4,5,4
224,520374,5,5,5,5,2,5,5,4,4,5,5,3,5,3,5,5,5,5,5,5,2,2,3,5,3,4,5,4,5,5
225,521153,4,2,3,4,3,4,5,3,4,4,4,2,4,3,3,3,5,5,3,4,4,3,2,5,4,5,5,4,5,4
226,521315,4,2,4,3,3,4,4,2,4,4,4,4,4,4,4,3,4,5,4,4,2,3,2,4,3,4,5,2,5,4
227,522176,4,4,4,5,3,5,4,4,4,4,5,4,4,4,4,4,2,5,5,2,5,5,3,4,4,5,5,2,3,5
228,523150,5,3,4,5,1,5,3,5,4,5,5,3,5,4,5,3,5,5,5,3,5,5,4,5,5,4,5,5,5,3
229,524142,4,5,5,4,3,4,4,3,3,3,3,5,5,5,1,4,4,5,5,4,5,5,1,4,3,3,5,3,5,4
230,527501,3,4,4,5,4,4,5,3,4,4,3,4,5,4,5,5,5,4,5,4,1,4,3,4,4,5,4,3,4,5
231,527541,5,5,4,5,4,5,5,3,4,4,4,5,5,5,3,5,5,5,4,3,4,5,3,5,4,5,5,4,5,5
232,530763,5,5,5,5,3,5,5,4,4,4,5,5,5,5,5,4,5,5,5,4,4,5,3,4,4,4,5,4,5,5
233,534193,4,5,4,5,2,4,4,5,5,4,5,4,5,4,4,5,4,5,4,5,4,4,2,4,4,4,4,5,5,3
234,535671,4,4,4,5,3,4,5,2,3,2,4,4,3,3,3,3,4,4,5,1,5,5,2,4,3,5,4,2,3,3
235,536967,5,5,3,5,5,3,5,5,4,5,3,3,5,5,3,5,5,5,5,5,3,3,5,5,5,5,5,4,5,5
236,542907,4,4,4,5,3,5,4,4,4,4,4,4,5,4,4,4,5,4,5,5,3,4,4,5,4,5,5,4,5,4
237,544833,3,2,2,4,2,5,5,4,5,3,5,4,5,4,5,5,5,5,3,3,1,4,3,5,3,5,5,4,5,5
238,551785,4,4,4,5,4,4,5,4,4,5,5,1,5,4,4,4,5,4,5,5,2,3,4,4,4,4,4,4,5,4
239,553078,3,5,5,5,3,4,5,3,3,4,4,4,5,5,4,4,3,4,5,2,5,4,4,4,4,4,5,3,5,4
240,555316,5,3,4,4,3,4,4,3,2,4,4,3,4,3,3,3,5,3,4,4,2,3,3,5,2,4,5,4,5,3
241,556776,4,1,3,3,5,3,5,4,4,1,4,1,5,5,3,4,5,5,5,5,2,1,5,4,5,4,5,1,3,5
242,558537,4,4,5,1,5,4,4,5,4,3,4,4,4,5,4,5,5,3,4,3,1,3,5,1,5,5,5,2,5,4
243,560579,3,5,5,4,3,3,2,3,4,2,4,5,4,4,4,4,5,5,5,3,2,4,3,5,3,5,4,3,4,3
244,565075,5,5,5,5,3,5,5,5,4,5,4,4,5,4,4,5,5,5,5,3,4,4,5,5,5,5,5,5,5,5
245,570428,5,4,5,5,3,4,3,1,1,4,5,3,3,1,3,4,5,5,5,4,5,4,2,4,4,3,5,2,5,2
246,570909,4,4,5,5,4,5,3,2,2,4,4,5,4,3,3,3,5,5,5,3,3,5,2,3,4,5,5,4,4,4
247,572962,4,1,2,3,4,4,4,4,5,4,3,5,5,4,2,5,5,5,5,5,1,1,2,5,1,5,5,4,4,4
248,573533,3,2,3,4,3,4,4,3,3,5,4,4,5,5,4,5,5,4,4,5,5,4,4,3,5,5,5,3,4,5
249,575714,4,4,4,3,2,3,3,3,2,3,4,4,4,3,2,4,1,4,2,2,3,4,2,4,3,3,4,2,1,3
250,575786,3,5,5,5,1,5,5,5,5,5,3,2,5,5,1,5,5,5,5,5,5,5,2,3,5,5,5,5,5,5
251,576751,3,5,5,5,4,4,4,3,3,4,4,5,5,3,3,4,4,4,5,4,5,4,4,4,4,4,4,1,5,3
252,578205,4,4,4,3,3,3,2,3,3,3,3,2,3,3,3,4,4,4,4,3,1,3,2,4,3,3,4,3,4,3
253,578237,2,4,5,4,3,5,4,3,4,5,4,4,5,3,4,4,5,5,5,5,4,5,4,5,4,4,5,5,5,4
254,579352,3,3,3,4,4,3,4,4,4,4,3,2,5,4,3,3,5,4,3,2,3,2,3,4,4,4,5,3,3,3
255,591070,3,5,1,5,3,5,5,4,4,2,4,4,5,3,4,4,5,5,5,3,5,1,3,3,4,5,5,3,5,4
256,593886,3,2,4,4,2,4,5,3,3,3,3,4,4,4,3,4,4,5,4,4,4,4,3,4,3,3,4,2,5,4
257,595778,4,1,3,4,4,4,1,4,4,4,5,1,5,4,5,4,4,4,5,3,3,3,4,2,3,5,5,3,5,3
258,596474,5,5,3,5,2,3,3,3,3,4,4,4,4,3,2,4,5,4,4,4,5,5,2,1,2,5,5,1,5,3
259,598757,5,3,4,4,4,4,3,4,3,5,5,2,4,5,5,3,5,5,5,5,1,2,3,5,3,4,4,5,5,4
260,600835,4,4,4,4,3,3,3,3,4,3,4,3,4,4,4,4,5,4,4,2,4,3,3,4,4,4,4,3,5,3
261,601317,5,5,5,4,4,3,4,4,5,3,4,5,5,5,4,5,5,5,4,4,1,4,4,4,4,5,5,4,5,5
262,602642,5,3,4,5,5,4,5,5,5,5,5,3,5,5,5,5,5,5,5,5,4,4,5,5,4,5,5,4,4,4
263,606832,5,5,5,5,3,3,4,2,2,3,4,4,5,4,3,4,5,4,5,2,4,4,2,4,3,4,5,2,5,4
264,607674,4,4,4,4,4,4,3,3,4,5,5,4,4,4,4,3,5,5,4,5,5,4,3,4,3,5,5,4,5,4
265,608538,4,3,4,3,4,4,3,3,3,4,3,4,5,3,4,3,4,4,4,4,1,3,4,4,4,5,5,3,4,5
266,612111,5,5,5,5,5,5,5,3,5,4,4,4,5,3,4,5,4,3,4,5,4,5,3,5,5,5,5,4,3,4
267,614465,3,5,5,5,3,4,5,4,4,3,4,4,4,3,3,4,5,5,5,3,4,5,3,4,3,4,5,4,5,4
268,620714,4,5,4,3,3,4,4,3,3,3,4,5,4,4,3,3,5,3,4,4,4,4,3,4,3,5,5,3,5,4
269,625095,4,5,4,5,4,4,5,4,5,4,5,3,5,4,4,5,3,5,4,3,3,5,4,5,5,5,5,4,5,5
270,629014,3,4,1,3,3,4,3,3,3,5,4,2,4,3,2,4,5,5,5,3,3,3,2,4,4,4,3,4,4,5
271,629383,3,3,4,3,3,4,3,2,2,3,5,2,3,3,3,3,3,5,4,4,3,3,2,3,3,3,4,3,3,3
272,637266,4,5,5,4,2,4,5,1,3,4,4,5,5,3,3,4,5,5,4,4,5,5,2,4,3,5,5,2,5,3
273,647111,5,3,3,5,3,5,3,4,5,4,5,2,3,4,5,4,3,4,5,3,2,4,3,4,3,5,3,3,5,5
274,647979,3,4,5,4,2,5,2,3,3,4,4,3,5,2,4,3,5,5,5,3,2,4,3,5,3,4,5,2,5,5
275,648729,5,5,3,5,3,4,5,3,4,3,5,2,5,5,4,4,4,4,4,5,4,4,3,3,3,5,5,3,5,3
276,653557,1,2,4,4,4,4,4,4,4,4,4,1,5,5,3,5,5,5,4,4,4,1,4,5,3,3,5,4,5,5
277,656999,3,5,4,5,3,4,4,1,3,3,5,3,4,4,3,4,4,5,5,3,3,5,3,5,4,4,5,3,4,3
278,660821,2,5,4,3,3,5,4,3,3,3,4,4,4,3,2,4,4,5,4,4,4,4,3,4,3,5,5,3,4,4
279,662707,4,4,4,5,4,5,4,2,4,4,4,3,5,4,3,2,4,4,5,4,1,4,2,5,4,5,5,4,4,5
280,663118,3,5,4,4,1,5,2,1,1,4,4,3,4,2,5,3,5,3,5,1,1,3,3,3,4,5,2,1,5,3
281,675407,4,3,3,4,1,3,3,3,4,4,4,3,3,3,4,3,4,4,4,5,2,3,3,3,3,2,4,4,4,3
282,679869,4,5,5,5,2,4,4,3,3,3,5,1,5,4,3,5,5,5,5,3,3,3,4,5,3,5,5,3,4,4
283,682858,3,5,4,4,3,4,4,3,3,4,4,4,5,4,4,4,3,4,3,3,2,3,3,4,4,4,5,3,3,3
284,684531,3,4,4,4,2,3,4,3,3,4,4,4,4,3,3,3,5,4,5,4,4,4,3,4,3,4,5,3,4,4
285,684876,3,5,4,3,4,4,5,4,2,5,5,2,5,5,5,4,5,5,4,4,2,2,5,5,2,5,5,3,5,3
286,692235,3,3,2,3,3,5,4,4,3,4,5,2,5,3,4,4,4,5,4,5,4,3,3,4,3,2,4,3,5,4
287,699593,5,5,5,5,3,5,5,4,4,5,5,5,5,4,3,3,4,5,5,5,2,4,5,5,4,5,5,4,5,5
288,703585,4,4,3,5,2,5,4,2,3,5,5,5,4,4,4,4,5,5,5,5,4,5,3,4,4,5,5,5,5,4
289,704342,4,5,5,5,3,5,4,4,5,4,5,4,4,4,4,5,5,5,5,4,2,5,4,5,5,5,5,4,5,4
290,705645,5,4,4,4,3,5,4,3,3,4,3,5,4,4,3,3,5,5,5,4,3,4,3,5,2,4,5,3,5,3
291,708226,3,3,4,3,2,4,4,2,4,3,4,4,4,4,4,4,4,5,4,3,3,3,3,5,4,4,4,3,5,3
292,710801,4,4,4,4,3,4,4,3,3,4,4,4,5,4,4,4,5,5,4,4,1,3,3,5,2,4,4,4,4,4
293,714802,5,4,5,5,5,5,5,5,4,5,5,4,5,4,5,5,5,5,4,5,5,4,4,5,5,5,5,5,5,5
294,716173,5,4,4,5,3,4,5,4,4,5,4,4,5,5,4,5,5,5,5,5,4,4,4,4,4,5,5,5,4,5
295,717972,3,1,2,3,1,5,4,2,4,4,5,3,3,5,5,3,5,5,5,1,1,1,2,4,2,5,5,1,3,2
296,719725,5,4,3,5,3,4,4,4,3,4,4,2,4,4,3,5,4,5,5,4,4,2,4,5,4,5,5,3,5,4
297,722218,4,4,4,4,3,4,4,3,4,3,4,2,4,4,3,3,4,4,5,4,1,3,3,3,4,4,4,3,5,3
298,723631,4,5,5,3,3,4,5,3,4,4,4,4,5,4,4,5,4,5,5,4,3,5,3,4,4,4,5,2,5,4
299,725145,4,5,5,5,3,4,4,4,4,4,4,4,5,4,4,4,5,5,5,4,5,3,4,5,4,5,5,2,5,4
300,726543,4,2,4,4,1,5,4,2,3,4,5,1,5,3,4,3,5,5,5,4,3,3,2,3,4,4,5,3,5,4
301,727242,3,2,1,2,1,5,3,1,1,4,3,1,5,1,2,5,5,5,3,1,1,2,1,2,1,5,5,1,4,2
302,728123,2,4,4,5,3,4,3,2,4,4,5,4,5,2,4,4,5,5,5,4,2,4,4,5,5,3,4,4,5,3
303,729393,4,5,5,4,3,5,3,3,3,3,5,5,5,3,4,4,3,4,4,5,4,4,4,4,3,3,4,3,4,4
304,729953,4,4,4,4,3,4,3,3,3,5,4,4,4,4,3,4,5,5,4,4,4,4,3,4,3,4,4,4,5,4
305,732363,4,4,4,3,2,5,4,3,4,3,4,5,4,3,3,2,5,4,4,4,3,4,2,3,5,4,5,1,5,3
306,745163,3,5,5,3,1,4,3,3,2,3,4,5,5,4,3,4,5,5,5,3,4,4,4,5,4,4,4,1,5,3
307,745235,4,3,3,3,2,3,3,2,3,4,4,2,2,3,3,3,3,3,3,3,1,3,4,5,2,3,5,2,4,2
308,746270,5,4,5,5,5,4,5,3,5,4,4,3,5,5,5,5,5,5,5,4,2,3,5,4,3,5,5,4,5,4
309,748777,5,2,2,4,5,4,4,4,3,4,3,2,3,5,4,4,4,4,4,3,2,3,4,3,4,4,4,3,4,4
310,751091,4,3,4,3,2,5,4,3,4,3,4,3,3,3,2,3,4,5,4,4,3,3,3,4,3,4,4,4,4,3
311,753107,5,1,3,1,5,5,3,5,5,5,5,1,5,5,5,5,5,5,5,5,2,2,5,5,3,3,5,5,5,5
312,754104,5,5,3,5,3,5,5,2,4,4,4,4,4,5,3,3,4,4,5,5,2,3,3,4,3,5,5,4,5,4
313,754349,4,5,4,5,3,5,4,3,4,4,4,3,4,4,5,4,5,5,4,5,3,4,3,5,4,5,5,4,5,4
314,754567,2,4,4,5,2,4,4,3,4,1,4,1,5,5,3,2,2,2,4,3,1,1,3,4,1,4,2,2,4,4
315,756735,4,2,5,3,1,4,5,3,5,4,5,5,3,3,1,5,5,5,5,3,3,2,4,3,4,3,4,2,4,4
316,762998,4,2,4,4,3,5,5,5,4,4,4,2,5,3,5,5,4,5,4,4,2,3,2,5,4,4,5,3,5,3
317,764040,4,4,3,4,3,4,4,4,4,4,5,3,4,5,4,4,5,5,5,4,4,2,4,4,3,5,5,4,5,3
318,764583,4,1,4,5,3,3,5,4,4,4,5,4,3,4,2,4,5,4,5,2,4,5,4,4,4,4,2,4,4,4
319,765306,3,5,5,4,5,3,5,4,4,4,5,5,5,4,4,3,3,4,5,4,5,5,3,4,5,5,5,3,5,4
320,771641,4,4,2,4,4,3,4,3,3,4,3,2,5,4,4,3,4,3,5,4,3,2,3,5,4,5,4,2,5,4
321,782551,1,3,4,3,3,4,2,4,3,3,4,2,5,5,4,4,5,4,3,1,5,2,4,3,4,5,5,2,4,4
322,787331,5,4,4,5,2,4,4,4,4,4,4,3,5,4,4,4,5,4,5,5,3,4,3,5,4,4,5,5,5,4
323,791266,4,4,5,5,1,4,5,2,4,3,5,5,5,4,4,3,5,5,5,3,4,3,4,5,4,4,5,4,5,4
324,792067,4,4,3,5,3,4,5,3,4,2,3,2,5,4,4,5,5,4,4,3,3,4,2,4,5,4,5,4,5,4
325,792379,4,4,5,4,3,5,4,4,5,3,5,5,5,5,1,4,5,4,5,4,4,3,4,5,4,5,5,2,4,4
326,795665,3,4,2,5,2,3,4,2,4,4,4,3,4,3,4,4,5,4,4,3,1,3,4,5,3,4,5,3,4,3
327,796157,5,5,5,3,4,4,3,4,5,4,4,4,5,5,5,3,5,5,5,3,2,2,4,4,5,5,5,3,5,5
328,797342,5,5,4,5,3,4,3,3,4,4,4,5,4,3,3,2,5,5,4,4,3,3,3,5,3,4,4,3,5,3
329,798104,5,5,5,5,2,5,5,3,3,5,5,5,5,5,5,4,5,5,4,5,5,5,4,5,3,5,5,3,5,3
330,800136,3,3,5,5,3,5,3,3,3,3,4,3,3,3,4,3,4,3,5,4,1,2,2,3,3,4,3,4,5,3
331,803137,4,2,5,4,5,4,5,5,5,2,4,4,4,5,5,5,5,5,5,3,4,5,3,4,5,5,4,5,5,5
332,804027,5,3,4,5,4,4,4,3,4,4,4,4,3,4,4,5,4,5,4,4,4,5,3,4,4,5,5,5,4,4
333,806214,4,2,5,4,3,4,4,3,4,2,3,5,5,5,4,4,5,3,5,2,4,4,3,5,4,4,5,5,4,4
334,815953,3,4,5,3,2,5,5,4,5,5,3,4,5,4,4,4,5,4,5,3,3,4,1,4,3,5,5,4,5,3
335,816504,5,3,3,5,5,4,5,4,5,4,4,3,4,5,5,5,5,5,4,3,3,3,4,5,4,5,5,5,5,5
336,816639,3,4,5,4,2,4,4,2,3,3,4,5,5,3,3,4,5,5,5,3,4,4,2,5,2,3,4,3,5,4
337,818025,4,5,4,4,3,4,5,4,3,1,4,4,5,5,4,4,5,5,5,4,3,3,5,5,3,5,5,2,5,4
338,821438,5,3,4,4,4,3,4,3,4,3,4,2,5,3,4,3,5,4,4,4,4,4,3,4,4,4,5,4,4,4
339,825637,3,4,5,4,3,4,5,3,2,4,4,4,3,2,3,4,4,4,5,3,2,3,1,2,3,5,5,3,4,3
340,825819,3,4,3,5,4,4,4,3,5,3,4,4,4,4,3,4,5,3,4,4,3,3,4,4,4,4,4,3,3,5
341,826270,3,4,4,4,2,4,4,3,3,4,4,2,4,4,5,3,5,5,4,4,3,4,4,3,4,5,5,3,5,3
342,830855,3,4,1,4,4,4,4,4,3,5,5,2,5,5,5,4,5,4,4,4,3,3,5,4,4,3,4,4,5,4
343,830948,3,5,4,3,3,5,5,3,3,3,3,4,5,3,3,4,4,5,4,4,3,3,3,3,3,4,4,4,5,3
344,831222,4,5,5,4,2,4,4,3,3,3,4,4,4,3,4,4,5,5,4,2,4,4,3,4,3,3,5,3,3,4
345,832780,4,4,5,5,3,5,4,4,5,5,4,4,5,4,4,4,5,5,5,5,4,3,2,4,4,5,2,5,5,4
346,840737,5,5,5,5,3,2,3,4,4,3,4,5,4,5,4,5,5,5,4,4,3,3,3,5,3,5,5,3,5,4
347,843399,4,3,5,5,4,5,5,3,4,4,4,2,5,3,4,3,5,5,5,4,2,3,3,4,3,3,5,3,5,3
348,853918,4,5,4,5,3,3,4,3,3,3,3,3,4,5,4,5,5,4,4,3,4,4,4,4,4,5,5,3,4,4
349,859411,5,4,3,5,3,5,4,3,3,3,5,4,4,3,3,4,5,5,5,3,4,5,2,4,3,5,5,4,5,5
350,859826,2,5,3,4,3,3,3,3,4,5,5,3,5,4,2,5,3,5,4,5,3,2,3,3,3,5,5,3,4,5
351,861533,5,3,3,4,5,5,4,4,5,5,3,3,3,5,4,5,5,5,4,2,1,4,4,2,4,5,5,5,5,5
352,862596,3,4,4,3,3,4,3,2,3,2,3,2,4,3,5,1,3,5,5,4,5,3,4,3,4,3,4,4,5,5
353,862644,3,2,5,3,1,5,1,1,2,2,5,3,4,1,1,1,5,3,5,4,3,4,4,2,2,4,5,3,5,2
354,863227,5,3,4,3,4,5,5,4,2,5,5,2,5,4,4,5,5,5,5,3,3,5,4,5,4,4,5,4,5,5
355,863458,3,3,5,4,1,4,4,2,3,3,4,5,4,3,3,3,4,5,4,4,4,5,2,4,2,4,4,3,4,3
356,868723,3,4,4,4,4,4,4,4,3,3,3,4,4,4,3,3,4,4,5,4,4,4,3,2,4,4,4,4,5,4
357,868990,4,4,3,4,4,5,5,4,4,4,5,4,5,4,4,4,5,5,5,3,4,4,4,4,4,4,4,4,4,4
358,871684,2,3,4,4,2,4,2,3,2,3,3,3,5,3,4,1,5,3,4,3,2,4,3,4,2,5,5,4,4,3
359,872323,4,5,2,4,3,3,4,3,4,4,4,3,5,4,3,4,4,4,4,4,3,2,4,4,4,3,5,4,5,4
360,872408,3,3,4,4,2,4,4,2,3,3,3,3,4,2,2,3,4,4,4,2,2,3,3,3,2,3,5,3,4,2
361,872591,3,3,3,4,3,5,3,1,3,4,3,3,3,4,4,3,5,5,5,4,3,4,3,3,3,4,4,5,5,4
362,879760,5,4,3,4,3,4,5,3,3,4,4,4,4,5,4,4,5,5,5,4,4,4,4,5,3,5,5,4,4,4
363,881457,4,3,3,4,2,4,4,2,3,4,4,4,4,5,4,4,5,4,4,3,4,3,3,5,3,4,5,1,5,4
364,881711,4,5,4,3,1,4,3,2,3,4,3,4,4,4,3,4,5,4,4,3,4,4,2,4,3,5,5,2,4,3
365,882006,4,4,3,5,3,4,3,3,3,5,3,3,4,4,4,3,4,4,4,4,4,5,4,4,4,5,5,3,4,3
366,883478,5,3,3,5,4,4,5,5,3,4,4,3,5,2,3,5,5,5,5,4,4,2,2,3,2,5,5,5,5,2
367,890573,3,3,4,4,3,4,3,3,4,4,4,4,4,3,3,2,4,4,4,4,4,4,3,4,3,4,4,3,4,3
368,892254,4,5,4,4,3,4,5,3,4,3,5,4,4,4,4,4,5,5,5,3,3,4,3,4,4,4,4,4,2,4
369,894859,4,5,4,5,3,5,5,4,4,4,5,4,5,4,5,4,5,5,5,4,3,4,5,4,4,5,5,5,5,5
370,898468,5,4,5,5,4,5,5,4,3,4,5,4,5,3,3,4,5,5,5,4,2,5,5,4,4,5,5,4,5,4
371,898511,4,3,5,4,2,5,4,3,5,3,4,4,5,4,3,4,5,5,5,4,4,4,3,4,4,5,5,3,5,3
372,900050,4,5,4,5,4,5,4,3,4,4,4,3,5,4,4,4,5,4,4,4,1,3,4,5,3,4,5,5,5,4
373,900816,3,5,1,4,2,5,4,4,5,4,4,5,5,4,2,3,3,5,4,4,2,3,3,4,5,5,5,4,4,4
374,901167,4,3,4,4,2,3,4,2,2,4,4,4,5,3,4,3,4,4,3,3,2,4,3,3,3,4,4,3,4,3
375,901325,4,1,4,4,5,4,4,4,4,3,5,2,5,5,5,5,5,4,5,5,1,3,5,5,5,5,5,5,5,5
376,902361,5,4,3,4,5,4,4,5,4,5,4,2,5,5,4,5,3,4,4,5,3,2,4,5,3,5,4,4,4,5
377,908205,4,5,4,5,4,4,5,4,4,4,4,2,4,5,4,5,4,4,4,3,4,3,2,5,4,5,4,4,3,4
378,911828,4,4,3,4,3,4,4,3,3,3,4,4,5,4,3,4,5,5,4,4,3,3,3,5,3,5,5,4,5,3
379,912867,3,5,4,2,3,4,3,3,3,4,4,4,5,3,2,3,5,4,4,3,5,4,3,4,2,4,4,4,4,4
380,919719,3,4,4,4,2,4,3,3,4,3,4,4,5,4,3,4,5,4,4,3,4,3,4,4,3,4,5,2,4,3
381,920724,4,4,4,4,3,4,5,5,4,5,3,3,4,5,5,5,3,5,5,4,5,4,4,3,4,5,5,4,4,4
382,921502,4,1,5,5,4,5,4,2,2,4,4,4,4,5,4,3,5,5,5,5,1,3,3,5,4,5,5,5,5,3
383,921585,3,4,5,4,2,4,3,3,3,3,4,4,3,3,3,4,5,4,5,3,3,3,3,3,3,4,4,2,4,3
384,921658,4,3,4,5,4,4,5,3,2,4,3,4,4,4,4,4,5,4,4,4,1,3,4,4,4,4,4,3,4,2
385,922539,4,5,5,5,3,5,4,1,3,4,4,3,3,5,4,4,5,5,5,4,3,4,3,4,2,5,5,5,5,4
386,923864,3,3,4,4,3,4,4,4,4,4,4,5,4,4,3,3,5,4,4,4,2,4,3,3,3,4,5,4,4,4
387,923889,4,3,5,4,3,4,4,3,2,4,4,4,3,1,4,5,5,5,5,3,5,5,3,5,4,5,4,3,4,4
388,927984,3,4,4,4,4,5,3,3,4,3,5,3,3,4,4,4,5,5,5,4,2,3,1,4,2,2,5,4,5,3
389,930687,5,3,4,5,4,5,4,3,4,4,4,3,5,4,4,4,5,5,5,4,1,4,4,4,2,3,5,3,4,5
390,931232,5,1,3,4,4,4,3,3,2,4,3,2,4,3,3,3,4,4,4,4,4,4,3,3,2,5,4,3,4,4
391,931475,4,4,5,4,4,3,4,4,4,3,4,3,4,4,4,4,4,5,3,3,5,4,2,4,3,5,5,4,4,4
392,933167,4,2,5,4,5,4,4,3,2,5,4,3,4,5,4,4,4,4,5,4,2,3,4,3,4,5,5,4,5,4
393,933819,5,5,4,4,3,5,5,5,4,3,4,5,5,5,5,5,5,5,5,2,5,4,5,5,5,5,5,4,5,4
394,934647,4,4,5,5,4,4,3,4,3,4,3,4,5,4,3,4,4,4,4,3,4,3,3,4,4,5,4,3,4,5
395,934923,4,5,4,5,3,3,5,5,5,5,5,3,5,4,5,5,5,5,5,5,2,3,5,5,4,5,5,5,5,5
396,935519,4,4,4,5,4,5,4,2,4,4,4,5,4,5,4,4,5,5,4,4,4,4,3,4,4,5,5,4,4,4
397,938714,4,5,3,5,2,4,5,4,4,3,3,4,5,5,3,4,5,4,5,3,5,4,3,4,4,5,5,2,4,3
398,938764,5,5,3,5,3,5,5,5,5,5,4,5,5,5,1,5,5,5,5,5,5,5,5,5,5,5,5,5,5,5
399,940264,4,5,4,4,5,4,4,3,3,3,3,4,4,5,4,4,3,5,3,5,3,2,3,5,5,4,5,3,5,5
400,940310,4,3,5,5,3,4,4,2,3,4,4,2,4,4,3,4,5,4,5,4,4,4,4,4,3,5,4,3,4,3
401,942771,3,5,4,4,2,3,2,2,3,2,3,3,3,1,3,4,3,4,3,2,3,4,4,2,4,5,5,2,5,1
402,946393,5,2,4,5,5,5,4,4,4,5,5,3,5,5,4,4,5,5,5,5,4,3,3,5,4,5,5,4,5,5
403,950589,3,4,5,3,2,4,4,2,4,4,4,4,4,4,4,3,5,5,4,5,4,4,2,4,3,3,4,5,5,5
404,952156,4,5,5,4,2,4,3,1,3,4,4,4,4,2,2,3,3,4,4,3,4,4,1,4,2,4,5,2,5,3
405,953604,4,3,4,3,3,2,4,4,4,3,3,2,4,4,4,3,5,5,5,4,1,1,2,4,3,4,5,4,5,4
406,954412,3,2,4,3,3,4,4,4,4,4,4,4,5,2,4,4,5,4,4,3,5,4,2,5,4,5,5,4,5,5
407,960950,4,5,4,4,4,5,5,5,3,5,5,3,5,5,5,5,5,5,5,5,4,4,4,5,5,5,5,4,5,4
408,962736,5,4,2,4,3,4,5,4,4,5,4,4,4,4,4,3,5,4,5,4,5,4,3,5,4,4,5,4,5,3
409,962945,4,4,4,5,4,4,5,4,4,4,4,4,4,4,4,4,5,4,4,3,4,2,4,5,3,4,4,4,4,4
410,968184,3,4,4,4,3,4,4,1,3,5,3,1,2,5,4,4,4,2,4,4,2,3,2,3,4,4,5,2,5,5
411,969772,2,5,4,5,4,4,4,3,3,4,4,5,5,4,4,4,4,5,5,4,1,2,3,4,3,4,4,3,4,4
412,970433,3,4,4,4,3,4,5,2,3,3,4,2,5,3,3,3,5,5,5,3,3,3,3,3,2,3,4,4,4,4
413,975592,3,3,4,4,3,4,4,2,3,4,4,4,5,3,3,4,5,5,5,4,1,4,3,3,4,5,5,2,5,4
414,976615,4,4,4,4,4,4,4,3,4,3,4,4,4,3,5,4,4,5,4,5,2,3,3,4,3,4,4,4,4,3
415,977932,5,4,5,5,4,3,5,5,5,4,5,2,5,5,4,5,5,5,4,3,5,3,2,5,4,5,5,5,5,5
416,978437,5,5,4,3,5,4,5,4,4,5,5,3,5,5,4,5,5,5,5,5,5,4,4,5,5,5,5,5,5,4
417,979218,3,4,3,4,4,4,4,3,4,4,4,3,5,4,4,4,5,3,4,3,3,1,4,4,3,4,5,3,3,3
418,985414,4,4,4,5,2,5,5,4,4,4,5,4,5,4,4,5,5,5,5,5,3,3,4,5,4,5,5,4,5,4
419,988972,2,4,5,3,5,5,5,3,4,5,4,2,5,5,4,4,5,5,4,4,2,3,4,4,4,3,5,5,5,4
420,989156,3,4,4,5,3,5,5,5,4,3,4,4,5,3,3,5,4,5,4,4,4,4,2,5,4,4,4,3,4,5
421,995437,5,5,4,4,3,4,3,3,3,5,4,2,5,4,3,3,5,4,5,5,3,4,3,5,3,5,5,4,4,4
422,995459,4,5,4,5,4,4,4,4,4,5,5,4,4,5,4,5,5,5,5,5,4,5,3,4,4,5,5,4,4,4
423,996448,3,4,5,5,3,4,3,3,4,5,4,4,5,3,4,4,5,5,5,4,2,5,3,4,3,5,5,4,5,4
424,1002688,2,4,4,5,2,3,3,3,3,3,5,3,3,4,3,4,5,5,5,3,2,3,2,5,2,5,5,3,4,3
425,1005439,4,4,2,4,3,3,4,4,3,5,5,4,3,3,4,4,3,5,3,5,2,3,3,4,4,3,4,4,5,3
426,1007057,3,5,5,5,5,4,5,5,5,4,5,4,5,5,4,5,5,5,5,3,1,2,4,3,5,5,5,4,5,4
427,1007577,4,3,3,4,2,4,4,3,4,4,4,4,4,3,4,5,5,5,4,4,4,3,3,4,4,3,5,4,5,4
428,1008754,3,3,4,4,2,3,4,2,3,3,3,3,5,3,3,4,5,4,4,3,4,4,3,4,4,3,4,2,5,4
429,1013856,5,5,5,4,4,5,5,5,5,4,4,3,5,5,5,5,5,5,5,3,4,5,4,4,3,4,5,4,5,4
430,1019827,2,4,5,5,1,4,5,2,1,5,5,5,5,4,4,2,5,5,5,5,5,2,2,5,4,3,5,1,5,1
431,1021023,3,5,5,5,2,4,4,2,4,3,4,5,4,3,4,5,5,5,3,3,5,5,3,4,3,4,5,2,5,5
432,1023512,4,4,5,5,2,3,3,4,4,3,4,3,4,4,3,5,4,4,5,3,5,5,3,3,5,4,5,3,4,4
433,1033433,4,5,5,4,3,3,3,3,3,4,4,3,4,3,3,3,3,4,5,4,3,3,3,4,3,5,5,4,5,3
434,1037313,1,5,3,5,3,5,5,2,4,3,4,3,5,2,5,5,2,5,5,5,1,1,3,5,1,5,1,5,5,5
435,1038488,4,4,5,5,3,4,2,2,3,3,3,5,5,2,3,3,4,5,4,4,4,3,1,3,3,3,4,2,2,4
436,1042795,4,4,4,4,4,4,5,2,4,5,3,4,4,5,4,4,5,5,4,4,3,3,4,4,4,4,5,4,5,4
437,1043112,4,4,4,5,4,4,4,3,3,3,3,3,4,4,3,3,5,4,5,3,4,3,4,4,4,4,3,4,5,3
438,1043117,3,4,5,3,2,3,4,3,4,3,4,4,1,4,2,3,4,5,4,4,4,3,2,3,3,4,3,4,5,4
439,1044241,4,3,3,5,4,5,4,4,4,3,4,3,5,5,4,4,5,4,4,3,4,5,4,5,2,4,5,4,5,5
440,1044457,4,3,5,4,3,4,3,4,3,5,5,5,4,4,3,4,5,4,5,1,2,3,2,4,3,4,4,3,5,3
441,1050232,3,3,3,4,3,4,3,3,4,3,4,3,4,4,3,3,4,4,3,3,1,1,3,4,3,4,4,3,5,3
442,1053407,4,2,4,5,3,3,5,3,3,4,5,5,5,3,2,3,5,5,5,4,2,3,4,5,4,5,5,3,5,4
443,1063663,2,4,4,5,3,5,3,3,3,4,4,4,4,3,3,3,5,5,5,4,5,5,3,3,4,5,5,2,4,4
444,1065445,4,1,3,3,5,3,1,2,2,3,3,3,5,3,4,3,5,3,5,3,1,4,4,4,4,5,5,2,4,5
445,1066481,4,4,5,5,3,4,4,3,3,3,4,4,5,4,3,4,5,5,4,3,4,3,4,5,3,5,4,3,4,3
446,1066990,4,5,5,4,2,4,4,3,4,4,5,4,4,4,3,4,5,4,5,5,3,3,4,3,3,3,5,4,5,4
447,1072585,3,4,3,5,3,4,4,4,4,5,4,3,3,3,4,4,4,4,5,4,3,4,3,4,3,4,2,3,5,4
448,1073496,5,3,4,4,4,4,2,4,4,3,4,1,4,5,4,4,4,5,4,3,1,2,3,5,4,5,5,5,5,4
449,1075149,4,5,5,3,3,2,3,2,2,4,2,5,5,4,4,4,5,4,3,3,5,4,2,5,4,4,4,2,5,1
450,1077173,4,3,4,5,4,5,5,4,5,5,5,3,3,4,4,4,5,5,5,4,2,4,3,5,5,4,4,4,4,4
451,1079598,4,4,5,5,3,5,4,3,3,4,4,4,4,4,3,4,4,4,5,3,3,4,4,4,3,5,5,3,5,3
452,1084999,2,3,3,4,3,4,2,3,3,3,3,3,4,4,4,3,4,3,5,3,3,4,2,4,3,4,3,3,5,4
453,1090319,2,3,5,4,2,3,4,2,2,3,3,4,3,3,3,3,5,3,3,3,3,4,3,4,4,3,5,4,4,1
454,1090765,5,5,5,4,3,5,4,4,4,4,4,4,5,4,3,5,5,5,5,3,5,4,3,4,3,4,4,3,5,4
455,1106767,5,5,5,4,4,5,5,1,1,4,4,4,5,5,5,5,5,5,5,3,4,5,5,5,4,5,5,5,5,5
456,1110156,5,5,5,4,3,3,4,3,3,3,4,3,4,3,3,4,5,5,5,3,4,4,3,5,4,5,4,3,5,2
457,1110291,4,4,4,4,3,4,4,3,3,4,2,5,4,3,3,4,5,4,5,3,3,3,3,4,3,5,5,2,5,4
458,1112365,2,4,3,5,3,3,3,3,3,3,3,4,3,4,3,3,5,3,3,2,4,2,2,3,2,3,4,2,3,3
459,1114324,4,3,3,5,3,3,3,4,4,3,4,3,5,5,3,4,5,3,4,3,4,3,4,5,4,4,3,4,5,5
460,1115451,4,4,5,5,1,5,4,4,4,1,5,5,4,4,4,4,4,4,4,4,4,3,4,4,4,4,5,1,5,4
461,1115964,4,3,5,3,4,5,4,4,4,4,4,3,4,4,3,3,5,3,5,3,1,2,3,3,4,4,4,4,4,4
462,1120091,5,5,4,5,3,4,5,5,4,3,5,5,5,5,4,3,4,5,5,2,2,1,4,5,5,5,5,4,5,4
463,1120721,4,3,4,4,4,4,3,2,3,5,5,4,3,3,2,4,2,4,2,5,1,3,2,3,2,5,4,3,5,5
464,1120757,3,3,4,1,2,5,3,3,4,3,5,4,4,4,3,3,4,5,5,3,4,4,3,4,3,4,5,3,5,4
465,1122364,4,4,4,4,3,4,4,3,4,5,5,3,4,4,3,4,5,5,4,4,5,3,3,4,3,5,4,3,5,4
466,1123175,4,3,3,3,3,5,5,4,5,4,4,3,4,4,4,4,4,5,4,3,3,3,3,5,3,4,4,5,4,5
467,1128164,5,5,5,5,5,5,3,2,4,5,4,5,5,5,5,4,3,5,4,4,2,5,3,5,5,5,5,5,5,5
468,1129340,3,4,5,4,3,4,4,5,4,3,4,1,3,3,3,5,4,5,4,4,1,3,2,4,2,2,2,3,4,4
469,1130380,4,4,3,2,4,3,3,2,3,4,3,3,4,4,3,3,4,4,3,4,4,3,2,3,3,3,4,3,4,3
470,1132514,4,4,4,3,1,5,4,2,1,4,4,3,4,3,3,3,4,5,5,4,4,5,3,4,3,2,3,3,5,3
471,1138619,3,4,5,5,3,5,4,4,4,5,5,4,4,4,4,5,4,5,5,4,5,4,3,5,4,4,5,4,5,4
472,1140036,3,4,3,4,3,5,3,3,4,5,4,3,5,3,3,3,5,4,4,5,3,3,5,4,3,5,5,4,4,4
473,1141052,3,5,4,5,4,4,4,4,3,4,4,5,3,2,3,4,2,4,4,3,5,2,3,4,2,4,5,2,5,5
474,1141848,4,3,3,5,4,4,4,4,5,5,4,3,5,4,4,5,5,5,3,4,3,5,4,4,3,4,5,5,3,4
475,1141912,4,5,4,4,4,3,4,3,3,5,4,5,5,4,4,2,5,4,5,5,5,3,3,4,3,4,4,4,5,5
476,1144353,4,4,3,2,4,4,4,3,3,3,5,2,3,4,4,3,4,5,4,4,3,3,4,5,3,3,5,4,4,3
477,1145003,3,4,4,5,3,4,4,3,4,4,4,4,4,5,4,4,4,4,4,4,3,4,4,4,4,5,5,3,5,5
478,1146375,4,3,4,4,3,4,4,4,5,4,4,4,5,4,5,4,4,4,4,4,4,3,3,4,5,4,5,3,4,4
479,1153186,2,5,3,4,1,2,5,5,3,1,3,4,5,1,1,4,5,5,3,3,3,4,4,5,3,4,5,3,5,4
480,1156852,4,5,4,4,3,4,4,3,4,3,4,4,5,4,3,4,5,4,5,3,4,4,2,4,4,5,5,3,5,4
481,1168143,3,4,3,5,3,3,4,4,3,4,5,3,4,4,4,3,1,4,4,4,3,2,3,4,2,3,4,3,4,5
482,1168424,4,4,4,5,4,4,4,4,4,5,4,4,5,4,4,4,5,5,5,5,4,4,3,4,4,5,5,4,4,4
483,1168676,3,5,3,3,3,5,4,3,4,3,3,4,5,4,3,4,4,4,5,4,2,3,4,4,3,4,4,2,4,4
484,1169732,4,4,3,5,4,5,5,4,4,3,5,3,4,3,4,3,4,5,4,5,4,3,3,4,4,5,5,3,5,4
485,1170093,2,5,4,4,4,5,5,4,4,5,5,3,5,4,4,4,5,5,5,4,2,2,3,5,4,4,5,3,5,4
486,1174811,3,5,5,4,2,4,2,3,4,3,4,3,4,4,3,4,5,4,5,3,2,4,1,4,3,5,4,3,5,2
487,1185389,3,4,5,4,3,3,4,3,3,3,4,3,4,4,3,3,4,4,5,5,4,3,3,4,2,5,4,3,5,2
488,1189678,5,5,5,5,4,5,5,3,4,4,5,5,5,3,5,5,5,5,5,5,2,4,4,5,4,5,5,5,5,5
489,1192313,3,5,4,4,3,4,4,3,4,4,4,3,4,4,3,4,4,4,4,3,4,4,4,4,3,3,5,3,4,3
490,1193130,3,4,5,4,4,4,3,3,3,4,4,4,4,4,4,4,3,5,4,3,2,4,4,4,4,3,5,4,4,3
491,1193375,5,5,4,5,2,5,4,2,3,4,4,5,4,4,3,4,4,5,5,4,5,5,2,4,3,5,4,3,4,4
492,1193872,3,2,5,5,3,4,5,4,4,2,4,3,5,4,4,4,5,5,5,4,3,3,5,4,4,5,5,5,5,4
493,1194356,4,4,5,5,2,5,4,3,4,5,5,5,5,4,4,4,5,5,4,4,4,3,4,5,4,4,5,5,5,4
494,1201294,3,1,5,4,4,4,4,2,4,1,2,4,5,3,3,4,4,4,4,3,5,5,1,4,5,5,4,4,4,4
495,1202670,4,4,4,4,3,3,4,3,4,3,4,3,4,3,3,3,5,5,4,3,3,3,3,5,3,3,4,4,4,3
496,1206843,4,4,5,4,1,3,4,3,3,4,4,4,4,3,2,4,4,4,5,3,5,4,2,3,3,3,5,1,4,4
497,1208146,5,5,5,5,4,4,5,4,4,4,4,4,5,5,5,5,5,5,5,4,2,3,3,4,4,5,5,4,4,4
498,1208894,4,3,4,3,3,4,4,3,4,4,4,3,4,4,4,4,4,4,4,4,2,3,4,3,3,3,4,4,4,4
499,1209880,4,4,4,4,3,4,4,2,3,4,4,2,4,4,4,3,4,5,5,4,2,2,3,4,4,5,5,5,5,3
500,1211709,4,5,5,4,2,4,4,3,3,4,3,5,3,3,3,4,4,5,4,3,4,2,3,4,4,3,4,3,5,3
501,1221563,4,2,3,5,3,3,4,3,3,5,4,3,4,5,4,3,2,4,5,4,4,3,2,4,3,4,5,3,5,4
502,1227780,3,4,4,4,2,3,3,4,3,4,5,3,5,3,3,4,5,5,4,3,4,5,3,4,3,4,5,3,4,4
503,1230594,4,4,4,4,1,3,3,2,3,4,4,4,4,3,3,3,5,5,4,3,2,4,3,4,2,4,4,2,4,3
504,1233953,5,3,5,5,5,5,4,5,5,5,5,3,5,4,5,5,4,5,5,5,2,3,4,4,5,5,5,5,5,5
505,1235090,4,5,4,4,4,3,4,3,4,4,4,3,5,4,3,4,4,5,4,4,3,2,4,5,3,3,4,2,4,4
506,1236627,3,5,4,5,2,3,4,1,3,2,5,5,5,4,2,4,5,5,5,3,4,4,3,4,3,4,5,4,5,4
507,1249136,3,3,4,5,4,4,3,3,4,3,4,4,5,5,4,3,4,5,4,3,5,1,5,4,4,4,5,5,5,3
508,1250231,5,4,5,5,3,4,4,3,3,4,4,4,3,4,3,4,4,4,4,3,4,4,2,4,3,3,4,3,5,4
509,1251664,3,5,5,5,2,4,4,3,4,4,5,3,3,3,5,3,5,5,5,5,4,4,3,2,3,5,5,4,5,4
510,1251745,4,3,4,4,3,4,3,3,4,4,4,3,4,4,4,4,5,4,4,4,2,3,3,3,4,5,5,4,4,3
511,1251992,5,3,4,4,3,5,5,3,4,4,3,1,3,3,3,3,4,4,4,4,2,3,1,5,3,2,4,3,5,4
512,1252110,5,5,3,4,4,4,5,4,4,5,5,1,5,4,5,5,5,5,5,5,3,4,2,3,4,5,5,5,4,4
513,1253689,3,5,5,4,2,4,5,5,4,4,4,5,5,4,4,5,5,5,5,4,4,4,4,5,4,5,5,4,5,4
514,1257939,4,4,1,5,4,3,5,3,4,5,4,3,5,5,4,5,4,5,5,5,3,3,3,5,3,5,4,4,5,4
515,1258191,3,3,3,3,4,4,4,4,3,4,5,5,5,3,4,5,5,5,5,3,5,2,3,4,5,4,4,3,5,5
516,1260854,2,4,4,4,1,3,4,3,2,3,4,4,4,3,3,5,5,4,4,3,4,3,3,4,2,3,4,2,4,3
517,1262523,5,3,4,5,4,5,5,3,3,5,3,5,5,5,4,5,5,5,5,4,5,3,4,4,4,4,5,5,4,5
518,1262684,3,4,4,5,3,4,3,4,5,3,5,4,5,4,4,5,5,5,5,5,1,4,5,5,5,4,4,3,5,4
519,1265877,4,5,4,5,4,4,4,4,3,4,4,2,4,4,4,4,4,5,4,4,1,4,4,4,3,4,4,4,4,4
520,1267586,4,5,3,4,2,3,4,4,4,5,5,5,5,5,4,3,4,5,4,4,2,4,3,5,4,4,3,5,5,5
521,1272379,2,4,1,4,3,4,3,4,3,2,3,1,4,3,2,4,5,4,3,3,1,2,3,4,3,5,5,3,4,4
522,1274580,4,3,2,4,4,3,4,1,1,4,4,3,5,4,4,3,5,4,4,3,3,5,2,4,3,4,5,3,5,5
523,1277909,4,4,4,5,3,3,3,2,3,5,4,3,5,4,3,4,5,4,4,4,4,3,2,5,4,5,4,2,4,5
524,1278249,2,4,5,5,3,3,4,2,3,4,3,5,5,4,3,2,5,5,5,4,5,4,3,4,4,5,4,3,5,4
525,1280761,2,1,4,5,1,5,4,3,4,1,4,3,4,4,2,3,5,5,5,4,1,1,4,3,4,5,5,5,5,2
526,1280843,5,5,5,5,3,4,3,4,4,5,5,2,4,3,3,3,5,5,5,5,1,5,2,2,3,5,2,5,5,5
527,1283765,3,5,5,5,1,5,5,4,4,2,4,5,5,5,2,5,5,4,4,3,5,5,4,4,5,5,5,4,5,5
528,1287017,2,3,4,3,3,3,3,2,3,4,4,3,3,3,3,3,3,5,3,5,1,3,3,4,3,3,3,3,5,3
529,1287892,3,4,2,3,2,3,3,2,3,4,4,3,4,3,3,4,4,4,4,3,3,3,3,3,3,5,4,2,4,3
530,1290148,4,3,4,4,3,4,4,3,3,4,4,5,3,3,3,3,5,5,5,3,4,3,4,4,4,5,5,3,5,3
531,1293458,3,4,3,5,4,5,5,3,3,4,3,5,4,4,4,5,3,5,5,5,3,3,3,5,4,3,3,4,4,3
532,1299035,2,5,4,5,1,3,4,4,3,3,4,4,4,3,3,4,5,5,5,3,3,3,2,5,3,5,4,3,4,3
533,1300029,3,3,2,4,3,4,5,3,3,4,4,4,4,3,3,4,5,5,4,4,2,3,3,4,3,4,3,3,4,4
534,1302968,3,5,4,4,1,4,5,2,3,4,4,4,4,4,2,3,5,5,5,4,5,4,3,5,5,4,4,4,5,4
535,1314869,3,4,4,4,3,3,4,4,3,3,3,4,4,3,3,4,5,4,5,2,3,2,4,5,3,4,4,3,4,4
536,1316671,4,3,3,4,2,3,4,2,3,4,3,2,4,3,3,4,4,4,4,1,3,3,4,3,4,4,3,3,4,3
537,1317457,4,3,4,3,4,2,4,2,3,5,2,5,5,4,3,5,5,4,5,4,1,3,3,4,5,5,3,4,5,3
538,1318289,4,4,4,3,3,4,5,4,4,4,5,2,4,4,3,3,3,5,4,4,3,4,3,3,3,4,5,3,4,4
539,1322957,3,5,3,5,3,5,5,3,4,3,3,5,3,4,4,3,4,4,5,4,5,2,2,5,5,3,3,4,5,4
540,1328954,5,4,4,4,4,4,4,4,3,5,5,3,5,5,4,4,4,5,5,4,3,5,4,5,4,4,5,5,5,5
541,1330537,5,3,3,5,2,5,4,4,4,5,5,2,4,3,5,4,5,5,4,4,5,3,2,3,2,4,4,3,5,4
542,1338011,4,4,5,5,3,4,4,4,4,4,4,5,4,5,4,3,4,5,5,4,4,4,3,5,4,5,5,3,5,4
543,1341723,3,3,3,4,3,4,3,4,2,4,2,3,4,3,4,2,5,5,4,3,4,3,4,3,3,5,5,2,5,4
544,1344268,5,4,5,5,4,4,5,4,4,5,5,4,5,5,4,5,5,5,5,3,3,5,4,5,3,5,5,3,5,5
545,1357209,3,4,3,3,3,2,3,3,4,4,4,3,2,3,3,4,3,4,5,4,1,4,3,4,3,4,3,2,3,4
546,1360000,4,2,3,5,3,4,4,4,4,5,4,4,5,5,4,4,4,4,4,5,2,1,4,4,3,5,5,5,5,4
547,1364926,4,3,4,4,3,4,4,4,4,4,4,2,3,4,3,4,5,4,4,4,2,2,2,3,3,4,5,4,4,4
548,1364974,4,5,4,5,4,5,4,4,4,4,3,4,5,5,4,4,4,2,5,4,3,2,2,4,4,5,5,4,5,3
549,1365840,4,4,5,5,3,4,5,4,4,4,5,5,5,4,4,5,5,5,5,5,4,5,4,5,4,4,5,5,5,4
550,1367906,3,3,5,4,2,3,5,5,2,2,4,4,5,5,4,4,5,3,4,2,5,3,3,3,5,5,5,4,1,3
551,1368422,4,4,5,4,2,4,3,3,4,4,4,4,3,4,4,2,4,3,5,4,2,3,3,3,4,4,3,3,5,4
552,1370564,1,1,2,3,2,4,3,2,3,1,4,1,5,4,3,4,5,5,4,4,1,1,2,3,4,4,4,3,4,3
553,1373866,3,3,5,4,5,4,4,4,3,5,3,4,5,4,4,4,5,4,5,5,1,5,4,4,4,4,5,2,5,4
554,1373956,4,4,3,4,3,5,4,4,4,3,3,3,3,3,4,4,4,4,4,3,1,3,3,4,3,3,4,4,4,4
555,1374197,5,5,5,5,4,4,4,3,4,4,4,3,4,4,4,3,5,5,5,4,3,4,2,5,4,5,4,3,3,3
556,1376111,2,2,5,3,3,3,3,3,3,3,3,3,4,3,3,5,4,4,5,4,2,3,4,4,4,4,4,3,4,4
557,1382479,3,3,4,4,4,3,4,3,3,3,4,3,4,3,4,3,5,4,4,4,1,3,3,4,4,4,4,4,4,3
558,1385011,4,3,4,5,4,4,4,4,4,5,4,4,5,4,4,5,5,5,5,5,5,3,4,5,5,5,5,3,5,5
559,1385356,5,2,4,5,4,4,3,3,3,4,3,2,4,3,3,4,3,4,4,3,2,3,3,4,4,3,4,4,5,4
560,1388216,3,4,5,5,3,5,5,4,4,3,5,4,5,3,4,4,2,5,4,4,5,5,3,4,5,5,4,3,5,4
561,1390205,5,3,5,5,3,4,4,3,4,5,5,3,5,5,3,3,4,5,5,5,5,3,4,3,4,5,5,3,5,4
562,1394348,4,3,4,5,3,5,5,4,4,4,5,3,5,2,4,5,5,5,5,5,4,3,5,4,4,5,5,4,5,5
563,1395144,5,5,3,5,3,5,5,3,4,5,3,4,5,5,4,5,5,5,5,4,3,4,5,5,5,5,5,3,5,5
564,1397843,5,4,5,5,3,5,5,3,4,4,4,4,3,4,4,5,4,4,5,5,2,1,4,5,3,5,5,5,5,5
565,1413434,4,5,5,4,3,3,4,4,3,4,4,4,5,3,4,5,5,5,5,4,4,3,4,5,4,5,5,3,5,4
566,1420308,5,4,4,4,4,4,5,4,4,4,4,4,5,5,4,5,5,5,5,4,2,4,4,5,4,5,5,5,4,4
567,1423644,5,3,3,5,3,4,4,5,2,3,5,3,5,4,4,4,4,4,4,5,3,4,2,3,3,4,3,3,4,5
568,1424281,4,4,1,2,3,4,4,3,3,5,3,4,3,4,5,4,3,4,3,4,2,4,3,3,3,4,5,2,4,3
569,1425823,4,2,4,5,4,5,4,4,5,4,3,3,4,4,3,4,2,5,4,5,2,3,4,4,5,4,4,3,4,4
570,1427149,5,4,5,5,4,5,4,4,4,5,5,3,4,5,5,4,5,5,5,2,1,2,4,4,5,5,5,3,5,4
571,1427259,3,3,5,4,3,4,4,3,3,5,4,3,4,3,4,3,4,4,4,3,2,3,3,3,4,4,4,3,5,4
572,1431636,5,5,5,5,5,5,4,4,4,5,3,2,2,4,5,4,1,3,1,3,2,2,1,3,3,3,2,2,5,4
573,1440126,3,4,3,4,3,4,4,3,4,1,4,2,4,3,3,4,5,5,4,4,2,3,3,3,1,3,4,2,4,4
574,1441546,3,5,5,5,3,4,3,4,5,4,4,5,5,3,3,3,5,3,5,3,5,4,4,3,5,5,4,5,5,5
575,1444509,4,4,3,4,4,4,4,4,4,4,3,4,5,4,4,3,5,3,4,4,3,3,4,5,4,3,5,3,4,5
576,1446497,3,5,4,4,2,3,3,4,4,3,3,4,5,4,3,4,4,4,4,3,5,4,4,4,3,4,4,3,3,4
577,1447877,3,1,4,3,2,4,3,1,3,3,3,1,4,4,3,2,4,3,4,3,1,2,2,4,3,4,4,4,4,3
578,1449277,4,4,5,5,2,4,4,3,3,4,4,3,5,4,2,4,4,5,5,5,3,4,2,4,3,4,3,4,3,3
579,1449601,4,5,4,5,3,4,4,4,4,3,4,4,4,2,3,4,4,4,4,4,5,4,3,4,3,4,5,3,4,3
580,1456974,4,4,4,5,3,4,4,3,3,5,4,3,5,4,3,3,4,4,5,5,4,3,3,4,4,4,5,3,5,4
581,1462949,3,3,5,4,3,2,4,4,3,4,4,4,3,4,3,3,3,3,2,2,1,4,4,4,4,4,3,4,3,3
582,1475817,4,4,4,4,3,3,3,3,4,4,3,5,5,4,4,4,3,5,5,4,5,4,2,4,3,4,4,4,5,5
583,1478543,3,5,4,5,2,5,5,4,4,4,4,4,5,5,5,4,5,5,5,4,2,4,4,5,4,5,5,5,5,4
584,1479499,5,5,5,5,3,5,5,2,1,5,5,5,5,5,3,5,5,5,5,5,5,5,4,5,4,5,5,3,5,5
585,1480571,2,3,2,4,3,3,2,2,2,5,5,1,1,3,4,3,3,2,5,5,2,2,2,2,3,3,5,3,5,3
586,1480781,4,2,4,4,4,3,4,3,4,4,5,2,5,4,4,4,4,4,5,5,2,1,2,4,4,5,5,4,5,4
587,1481142,3,4,5,4,3,4,4,3,3,3,4,4,5,4,3,4,5,5,5,3,3,4,3,4,3,5,5,2,4,3
588,1482746,4,5,5,4,4,4,5,3,5,4,5,5,5,5,4,5,5,5,5,3,3,4,4,5,4,4,5,3,5,4
589,1483664,3,5,4,5,3,4,4,4,3,4,5,4,4,4,3,3,5,4,5,4,3,3,4,4,3,5,5,4,5,4
590,1483731,3,4,3,4,4,2,4,4,3,5,5,4,5,5,5,3,2,5,4,3,1,4,4,4,3,2,3,2,5,4
591,1486501,4,5,5,5,3,5,5,4,5,4,4,5,5,5,4,5,5,5,5,4,5,4,4,5,5,5,5,5,4,4
592,1488844,3,3,5,3,3,5,4,4,4,4,5,3,5,3,3,5,5,4,5,4,2,3,5,4,4,3,4,3,5,5
593,1492122,3,4,5,5,3,5,3,3,4,3,4,3,5,4,4,4,4,5,5,3,3,3,3,5,3,4,5,4,5,5
594,1492203,5,1,3,5,4,4,5,5,5,5,5,2,4,5,5,5,5,5,5,4,2,3,2,5,4,4,4,5,4,4
595,1498538,3,4,4,4,3,4,4,3,5,3,3,4,5,4,4,3,5,5,4,3,3,3,2,4,4,5,4,3,5,4
596,1503631,3,5,4,5,2,4,4,3,3,4,2,4,4,3,3,5,4,4,4,4,5,4,3,4,4,5,5,4,5,3
597,1503647,4,2,2,5,3,4,4,3,4,4,4,4,4,4,4,4,3,4,4,3,3,3,3,5,4,3,4,4,4,4
598,1514717,4,4,5,4,4,3,4,3,3,5,3,4,4,5,3,4,5,5,5,3,3,3,3,3,4,4,4,3,4,4
599,1515501,4,4,3,4,2,5,3,3,4,4,4,4,4,2,2,4,4,4,5,3,3,4,4,3,3,5,5,3,4,4
600,1519729,5,4,4,5,4,5,5,4,4,3,5,4,5,4,3,4,4,5,4,3,4,4,3,5,4,5,4,4,5,4
601,1520166,4,3,1,2,5,2,5,4,4,2,4,1,4,3,4,4,4,5,1,5,4,1,3,5,5,4,5,3,3,5
602,1528418,3,2,4,4,1,5,4,1,2,4,4,2,4,4,2,4,5,5,5,4,4,3,3,3,3,4,5,2,4,4
603,1528604,4,4,5,3,2,2,4,3,3,4,3,5,4,5,2,4,3,4,4,4,2,3,3,3,4,4,5,2,4,3
604,1531396,4,5,4,5,3,4,5,4,4,5,4,4,5,4,3,5,5,4,4,4,2,4,3,3,4,4,5,4,5,4
605,1533618,3,2,3,4,3,3,4,4,4,3,3,2,5,4,4,4,5,4,3,4,3,3,3,4,4,4,4,5,4,4
606,1538659,5,5,4,5,4,4,4,4,4,3,4,4,4,4,4,5,5,5,4,4,2,4,3,5,3,5,4,3,4,5
607,1539389,2,2,4,4,1,2,3,2,2,3,4,5,4,3,2,3,5,4,5,4,2,3,3,3,1,2,3,1,4,1
608,1545441,5,5,4,4,3,4,5,3,4,4,4,5,4,5,4,4,5,5,4,4,4,3,3,5,4,5,5,4,5,4
609,1545783,3,5,5,4,3,3,4,3,3,4,5,4,5,5,3,3,5,5,5,4,3,4,4,4,2,5,5,2,5,4
610,1549725,5,5,5,5,3,3,4,2,3,5,4,4,4,4,3,4,5,5,5,5,1,1,3,4,4,3,5,3,5,3
611,1550718,4,5,3,3,2,5,5,4,5,4,5,5,5,4,4,5,5,5,5,4,4,4,5,5,3,5,5,3,4,4
612,1551109,5,5,3,5,5,5,5,5,4,5,5,3,5,5,5,5,5,5,5,5,3,3,5,5,3,5,5,5,5,5
613,1553659,4,5,3,5,3,4,5,3,3,5,5,4,5,5,4,5,4,5,5,4,3,4,2,5,5,5,5,4,4,4
614,1554161,4,3,2,4,3,4,3,3,3,3,4,2,5,4,3,3,5,5,5,4,2,3,3,4,4,5,5,3,5,4
615,1555531,4,5,2,5,3,4,4,4,4,4,5,5,5,3,4,4,5,5,5,4,4,5,3,4,4,5,5,2,5,4
616,1558269,4,1,3,5,3,4,5,4,3,4,4,3,5,4,4,4,4,4,5,4,3,5,4,4,5,4,4,4,5,4
617,1558286,3,2,4,3,2,3,5,3,3,2,4,2,4,4,4,3,4,5,4,5,1,3,5,4,3,4,5,3,4,4
618,1558760,4,4,4,5,3,5,4,1,3,4,4,5,4,5,4,5,5,5,4,4,2,5,4,5,4,3,4,3,4,3
619,1561134,3,4,5,4,3,5,5,4,4,4,4,4,4,4,3,5,5,5,5,3,5,5,3,4,3,4,5,4,5,4
620,1561326,4,5,5,4,5,4,4,4,4,5,5,5,5,5,5,4,5,4,4,5,1,4,5,5,5,5,5,5,5,4
621,1562633,4,5,4,4,4,5,5,3,3,2,5,4,4,4,5,4,4,4,4,5,3,5,3,5,3,3,5,5,5,4
622,1562708,3,3,3,4,2,4,4,3,3,3,3,5,3,4,3,4,4,3,4,2,4,4,3,4,2,4,3,2,3,2
623,1564649,4,2,2,5,5,5,5,3,4,5,5,3,5,3,5,5,5,5,5,5,2,2,5,5,4,5,5,5,5,4
624,1564828,4,5,5,5,4,4,5,4,5,2,5,5,5,5,4,5,5,5,5,4,4,5,4,5,4,5,5,4,5,4
625,1569593,3,4,3,4,4,4,4,3,3,4,5,2,5,4,3,4,5,5,5,4,3,2,2,4,4,3,4,3,5,4
626,1570952,4,4,3,4,4,5,5,5,5,5,5,3,4,4,4,5,4,5,4,3,3,5,5,4,4,5,5,4,5,5
627,1577811,1,5,2,3,4,3,5,4,4,3,5,3,4,5,4,4,5,5,5,4,2,2,4,3,4,5,5,5,5,5
628,1580943,3,3,4,4,5,3,5,5,5,5,5,1,3,4,4,5,5,4,4,5,2,1,1,5,4,4,5,4,4,5
629,1590157,3,5,5,5,2,4,4,2,3,4,4,5,5,4,2,1,5,5,5,4,3,3,1,4,3,5,4,2,5,4
630,1592086,3,4,5,3,1,3,5,3,5,1,5,5,5,3,1,5,4,5,1,3,1,1,3,4,5,1,3,1,5,5
631,1592339,3,4,5,3,2,3,3,2,2,2,2,3,4,3,1,3,4,3,4,3,4,5,2,2,2,3,1,3,4,2
632,1595644,1,5,5,4,2,4,5,2,2,2,5,4,5,4,3,4,5,3,1,2,1,5,3,1,3,4,4,4,4,5
633,1599231,4,5,5,4,4,4,5,3,4,4,5,5,4,5,3,4,5,4,5,3,4,3,3,5,2,4,4,2,5,3
634,1599855,4,4,3,5,3,5,3,3,3,5,2,4,4,4,3,3,5,3,4,4,4,3,4,5,3,4,5,2,4,3
635,1602649,3,3,3,4,3,5,3,3,3,5,4,2,5,3,3,4,5,5,5,5,1,3,4,4,4,5,5,3,5,4
636,1604525,3,4,4,4,4,3,5,5,4,3,4,2,3,4,4,5,4,3,4,4,5,3,3,4,4,5,5,3,4,4
637,1606064,2,3,4,5,2,4,4,3,3,4,5,4,4,4,3,4,5,5,5,4,5,5,2,5,3,5,5,2,4,4
638,1606342,4,5,3,5,1,2,5,3,3,1,2,2,2,4,4,4,5,4,5,3,1,3,4,3,4,5,5,2,5,2
639,1606779,4,4,3,4,2,3,4,3,4,5,4,3,5,3,4,3,4,4,5,4,2,3,4,4,4,4,4,4,5,4
640,1608305,5,5,4,5,3,4,5,4,4,4,4,5,4,4,3,5,5,3,5,3,4,4,4,3,4,5,5,5,5,5
641,1616870,2,5,5,5,2,2,4,3,5,3,5,5,5,4,3,4,5,5,4,5,5,3,4,3,4,5,5,5,4,3
642,1617915,4,5,3,4,3,5,4,3,3,3,4,4,3,4,4,3,4,5,3,4,2,3,2,4,3,3,4,4,4,4
643,1618005,3,5,4,4,3,4,4,3,3,3,3,4,3,4,4,4,5,4,4,3,2,3,3,4,3,4,5,3,5,3
644,1618695,3,5,4,4,3,3,5,3,4,4,4,4,5,3,4,5,4,4,4,3,3,3,3,5,3,5,5,4,4,3
645,1620319,3,5,4,4,4,5,4,3,4,2,4,4,5,4,3,4,5,5,4,3,5,3,4,5,4,5,5,4,4,4
646,1624047,4,4,4,3,3,5,4,4,5,4,4,3,5,4,4,5,4,5,5,3,4,3,3,4,4,5,5,4,5,5
647,1626727,3,4,4,4,3,4,3,4,4,3,4,3,5,4,3,5,5,5,4,3,4,3,2,5,4,5,4,5,4,4
648,1627926,4,4,4,4,3,4,4,4,4,4,5,2,3,3,3,3,3,5,5,4,3,3,2,4,4,3,4,4,4,5
649,1629440,4,5,4,5,4,5,5,5,5,4,5,4,5,5,4,5,5,5,5,4,4,3,4,5,5,5,5,5,5,4
650,1629801,5,1,3,4,4,3,4,3,4,4,5,3,4,2,4,5,2,4,4,4,2,3,4,3,3,4,4,3,5,4
651,1631281,3,4,3,3,3,3,4,4,4,3,4,3,4,3,3,4,4,4,3,3,3,3,3,4,4,4,4,2,4,4
652,1641247,5,3,5,4,3,4,4,3,4,2,5,4,5,5,5,5,5,5,5,4,3,2,3,5,5,5,5,2,5,4
653,1643323,4,5,2,5,4,4,4,3,3,5,4,4,5,4,3,3,5,4,5,3,3,3,4,5,5,5,5,4,4,3
654,1648695,4,4,1,4,2,5,3,3,3,2,5,3,3,5,3,3,5,4,5,5,3,3,4,3,3,1,3,5,5,5
655,1653368,4,4,3,5,3,3,4,4,4,4,3,2,5,4,3,5,4,5,5,3,1,3,3,4,4,5,3,3,5,3
656,1654496,5,3,2,2,5,2,3,3,2,4,5,1,5,2,5,4,5,5,5,5,1,2,3,5,2,4,5,5,4,3
657,1658101,4,5,5,5,3,4,4,4,5,3,4,5,4,4,3,5,5,5,5,4,5,5,4,5,4,5,5,3,5,4
658,1658790,5,3,2,5,5,3,5,4,4,4,4,3,5,5,4,5,4,4,4,4,1,1,5,3,5,5,4,5,5,4
659,1661344,5,4,5,5,5,5,4,5,5,4,5,3,5,5,5,5,5,5,5,5,3,4,3,5,5,5,5,4,5,4
660,1661469,3,4,5,3,2,4,5,3,3,3,4,3,5,4,2,5,4,4,3,3,5,3,3,4,3,5,5,4,4,3
661,1661999,5,5,5,5,5,5,5,5,5,5,5,3,5,5,5,5,5,5,5,5,5,4,5,5,5,5,5,5,5,5
662,1662714,5,4,5,5,4,5,4,4,3,4,4,4,5,5,4,3,4,4,5,5,3,3,4,5,4,5,4,5,5,4
663,1664010,5,5,5,5,5,5,4,5,5,5,5,5,5,5,5,5,5,5,5,5,1,5,5,4,5,5,5,5,5,4
664,1672251,4,4,4,5,3,5,5,3,4,4,5,3,5,4,4,4,5,5,5,4,2,3,3,4,3,5,5,4,5,4
665,1677224,4,3,5,5,3,4,3,4,5,4,5,4,4,3,4,3,4,5,5,4,4,4,3,4,4,5,5,5,5,4
666,1686134,4,3,5,4,3,5,3,3,4,4,5,5,5,4,4,4,5,5,5,3,4,4,2,5,3,5,5,3,4,3
667,1686401,4,2,4,3,4,5,5,4,4,4,4,5,4,4,4,5,4,4,5,4,1,3,2,5,4,5,4,5,5,4
668,1687219,3,5,5,5,4,5,4,3,2,4,4,5,5,3,4,3,3,5,5,5,5,1,2,1,4,5,5,1,4,5
669,1687741,4,5,5,4,2,4,5,4,4,4,5,5,4,4,3,3,5,5,5,3,3,5,4,4,4,4,5,4,5,3
670,1688176,5,5,4,4,3,5,5,4,4,3,4,4,5,4,4,5,5,5,5,3,4,3,4,4,4,5,5,5,5,4
671,1691090,4,3,4,3,4,3,5,4,4,4,3,2,4,4,3,4,4,5,4,3,4,3,3,4,3,3,5,4,3,5
672,1692335,3,3,2,3,4,3,4,3,3,3,3,3,4,4,3,3,4,5,5,3,3,2,3,4,4,5,4,4,4,4
673,1692400,4,5,4,5,4,4,4,4,4,5,4,3,4,4,4,4,4,4,5,4,1,3,4,4,4,5,5,3,5,4
674,1693750,3,4,4,3,4,3,3,4,4,3,4,3,4,3,4,5,4,5,4,3,2,2,4,3,4,3,3,3,4,5
675,1694552,4,4,4,5,3,4,3,3,3,4,4,4,4,4,2,4,5,5,4,3,3,4,3,4,3,5,5,2,4,4
676,1695864,4,4,4,5,4,4,4,5,4,4,4,3,5,5,4,4,5,4,5,4,3,3,3,5,4,4,5,4,5,5
677,1697790,3,3,2,4,5,3,3,3,3,5,4,3,3,4,4,4,4,5,3,5,3,3,3,3,3,5,5,3,5,3
678,1699606,5,5,5,5,5,5,5,5,5,5,5,2,5,5,5,5,5,5,5,5,5,4,5,5,5,5,5,5,5,5
679,1701322,5,5,5,4,4,5,5,1,5,5,2,4,5,5,4,5,5,2,5,5,5,5,4,4,4,5,5,4,5,5
680,1706142,1,5,5,3,3,3,4,3,5,3,3,2,5,4,4,5,5,5,5,3,5,2,5,5,3,3,5,5,5,5
681,1707469,3,3,4,4,3,4,3,3,4,5,4,1,5,3,3,3,5,3,4,3,3,4,3,3,1,4,5,5,4,4
682,1707687,5,3,3,3,3,4,4,3,3,4,5,3,4,3,4,3,5,5,4,4,3,3,3,5,4,5,5,3,5,4
683,1711294,5,2,5,5,4,5,4,4,5,4,4,3,5,5,5,4,4,4,3,4,1,4,3,4,5,5,5,4,5,5
684,1714580,4,5,5,4,3,5,4,2,3,4,4,5,4,3,3,4,4,5,5,3,4,5,2,5,3,5,4,4,4,4
685,1720861,5,4,3,5,3,4,5,4,4,4,5,3,3,5,4,4,4,5,5,4,1,3,4,5,4,5,5,4,1,4
686,1725226,5,3,5,5,3,5,5,4,4,5,5,3,5,4,4,5,5,5,5,5,5,4,5,5,4,3,5,4,5,4
687,1731658,3,5,3,5,3,5,5,4,4,2,5,4,5,3,1,4,5,5,4,3,3,5,2,4,3,3,3,3,5,4
688,1734109,4,3,3,3,1,3,4,2,4,4,3,3,5,3,1,3,5,4,3,4,5,2,1,4,4,4,3,4,4,2
689,1742759,2,1,2,3,1,1,2,1,2,4,3,2,5,3,3,4,5,4,5,3,1,1,2,3,3,3,5,1,5,4
690,1751276,4,5,5,5,4,4,5,5,5,3,5,5,5,4,5,5,5,4,5,4,5,3,2,5,5,5,5,5,4,5
691,1753560,3,4,4,4,3,4,4,3,3,3,4,4,4,4,3,4,4,4,4,4,3,4,3,4,2,5,4,4,4,3
692,1754338,3,4,5,4,4,5,4,4,4,4,4,5,5,4,3,5,5,5,5,4,3,3,3,4,4,5,5,2,5,4
693,1757417,5,3,3,5,4,4,4,5,5,5,4,3,5,5,3,4,4,4,4,4,2,4,3,4,5,5,5,5,4,5
694,1763064,3,1,4,4,2,4,2,2,3,3,3,3,5,4,4,3,4,3,3,3,4,3,2,4,4,4,5,3,4,4
695,1764923,3,4,4,4,2,3,4,3,3,3,3,5,4,3,3,4,5,5,5,2,4,4,3,3,3,3,4,3,5,2
696,1769206,4,3,5,5,4,2,5,3,4,5,5,5,5,5,4,4,5,5,5,5,1,4,3,4,3,5,5,5,5,2
697,1771365,4,4,5,5,5,5,5,4,4,5,5,4,4,4,4,4,5,5,5,5,3,5,3,5,4,5,5,4,5,4
698,1771516,4,3,4,5,2,5,4,3,4,4,5,4,3,5,4,4,5,5,5,3,3,2,3,4,4,4,3,4,5,3
699,1772901,4,4,5,4,2,4,4,2,3,3,4,4,3,3,4,5,4,5,5,4,3,4,2,4,3,3,5,3,5,3
700,1774516,4,4,4,5,4,4,4,3,3,4,4,4,3,3,3,4,5,4,4,4,5,5,3,4,3,4,4,4,4,3
701,1775187,4,1,4,3,3,3,2,3,4,4,3,1,4,3,4,3,4,4,4,3,2,2,2,5,3,4,4,4,2,4
702,1775437,5,5,4,5,4,5,5,5,5,4,5,5,5,5,5,5,5,5,5,4,4,4,4,5,4,5,5,5,5,5
703,1775922,3,4,4,4,3,5,4,3,4,4,4,5,4,4,4,5,5,4,4,4,3,3,2,4,3,5,5,4,5,5
704,1778378,5,4,3,4,4,5,4,5,4,4,4,4,4,4,4,5,4,5,5,4,4,5,2,4,3,4,5,4,5,4
705,1778714,3,5,5,4,3,4,4,4,4,2,4,5,4,5,3,5,5,5,5,2,1,4,2,4,5,5,5,3,2,4
706,1781198,4,5,5,4,3,4,4,4,3,4,5,5,5,4,5,4,5,4,4,4,4,4,4,5,4,3,5,3,5,4
707,1781232,3,5,3,3,1,4,4,3,3,4,3,4,5,3,3,3,4,5,5,3,4,4,3,4,4,5,4,4,4,5
708,1786581,5,3,4,4,1,4,3,2,2,4,3,4,4,4,4,4,5,4,5,2,2,3,2,4,3,4,4,3,5,4
709,1787323,4,5,5,5,4,4,5,4,4,4,5,5,5,5,4,5,5,5,5,4,2,4,5,5,4,5,5,3,5,5
710,1789583,4,5,3,4,3,4,4,4,4,2,5,2,5,4,4,4,4,5,5,3,3,3,4,5,3,4,3,3,5,4
711,1790576,4,5,3,4,3,5,3,3,3,3,5,3,4,3,4,3,5,4,5,3,3,2,4,4,3,4,5,3,4,3
712,1791019,3,4,4,4,3,4,5,3,4,5,5,4,5,4,4,4,5,4,5,5,4,4,5,4,3,5,5,4,5,4
713,1791707,5,4,4,4,4,3,4,4,3,5,5,3,5,3,4,4,2,4,4,5,3,4,4,4,4,4,4,4,5,4
714,1792238,4,1,4,5,3,1,5,4,2,3,5,1,5,3,4,5,3,5,5,3,3,3,2,4,5,4,5,3,4,5
715,1793717,3,4,3,5,4,5,4,3,5,3,3,3,4,4,5,4,4,5,3,3,5,2,5,3,3,4,3,3,5,4
716,1797525,3,3,3,4,3,4,3,4,4,4,5,1,5,4,3,4,4,4,3,5,1,2,3,5,3,4,4,5,4,4
717,1800955,3,4,4,4,2,4,4,4,4,3,3,4,4,4,3,4,5,5,4,3,3,4,3,5,4,3,4,3,4,4
718,1806407,4,4,3,5,3,4,5,3,3,4,5,4,4,3,3,3,5,5,5,5,4,4,3,4,3,5,5,4,4,3
719,1818447,5,4,4,3,4,4,4,4,4,4,5,4,5,3,4,4,5,5,5,5,5,3,3,4,4,4,5,4,5,4
720,1819462,3,1,4,5,2,2,2,2,3,2,5,2,5,1,2,3,4,5,4,3,2,4,3,3,4,4,2,2,3,4
721,1825647,3,4,5,4,4,5,3,3,3,3,3,5,4,4,2,4,5,5,4,3,3,4,2,4,2,3,3,1,5,3
722,1825773,3,4,4,2,3,5,4,4,4,4,4,2,4,4,4,5,4,5,4,4,3,4,4,4,4,4,4,4,4,5
723,1826257,4,4,5,3,2,4,3,3,3,4,4,3,4,4,3,3,4,5,3,1,3,4,2,5,3,5,5,3,4,2
724,1830000,4,5,4,5,4,5,5,3,3,4,5,5,5,5,2,5,5,5,5,5,5,5,5,5,4,5,5,5,5,4
725,1837202,5,5,5,5,3,5,5,3,5,5,4,4,5,5,3,5,5,3,4,3,5,4,4,5,3,5,5,5,5,5
726,1844276,4,5,5,5,3,4,4,3,3,4,4,4,5,2,5,4,5,5,5,4,4,5,2,4,2,5,3,3,5,3
727,1845705,5,5,5,5,3,5,5,4,4,4,4,5,4,5,4,4,5,5,4,4,4,4,3,5,4,5,5,3,5,3
728,1849541,3,5,3,4,3,3,4,3,3,3,4,3,3,3,3,4,5,5,5,4,3,4,3,4,3,4,5,3,5,3
729,1849621,3,5,4,5,4,3,5,5,5,3,3,5,5,5,5,4,5,5,4,2,3,5,4,3,4,4,5,2,5,3
730,1851429,5,5,4,4,4,3,4,4,3,4,3,4,5,5,3,4,4,4,4,4,4,4,2,5,4,4,5,4,4,4
731,1854220,3,4,4,4,3,3,3,2,2,3,4,5,4,3,3,3,5,5,4,4,5,3,2,3,3,3,3,3,4,4
732,1856000,3,1,2,5,3,5,4,2,2,3,5,2,5,4,4,5,5,5,5,4,2,3,5,5,4,3,5,4,5,5
733,1856609,4,4,4,3,4,4,4,3,3,3,3,3,4,4,4,4,5,4,4,3,2,4,5,4,3,4,4,3,4,3
734,1860587,4,5,4,5,3,5,5,3,2,3,5,3,5,5,4,4,5,5,4,3,2,3,3,4,4,5,5,4,4,4
735,1862392,4,5,5,4,3,5,4,3,3,3,4,3,3,4,3,4,4,4,5,4,1,4,3,4,3,4,4,3,5,3
736,1863499,4,4,4,4,2,4,5,3,4,5,5,5,4,4,4,3,5,5,4,4,5,3,3,4,4,5,5,4,5,3
737,1863899,4,1,4,4,2,5,1,5,5,3,4,1,1,5,5,4,1,5,5,5,3,1,2,5,5,3,3,4,5,2
738,1866838,4,4,2,4,4,4,4,4,4,3,4,3,4,4,3,4,5,4,4,4,3,3,4,5,3,4,4,4,4,4
739,1867238,4,4,3,5,2,3,5,3,3,4,4,2,2,4,3,3,5,5,3,2,4,4,2,5,4,3,3,2,5,5
740,1875533,4,5,5,4,2,4,4,3,4,4,4,5,5,5,4,5,5,5,4,4,2,4,5,5,5,5,5,4,5,5
741,1876156,3,5,3,5,2,4,3,3,3,4,3,4,5,4,2,3,4,4,5,4,4,4,3,5,5,5,5,3,4,3
742,1880925,4,4,4,5,4,4,5,4,5,3,4,3,5,5,4,5,4,4,4,4,3,3,4,5,4,4,5,4,5,4
743,1881260,2,4,4,4,2,5,3,4,1,4,4,5,4,3,4,4,5,3,4,4,4,4,1,3,3,5,5,2,4,4
744,1885042,4,4,5,5,4,4,5,4,4,4,4,4,5,3,3,3,5,5,4,5,4,5,3,5,4,5,5,3,5,3
745,1886585,4,4,5,3,2,4,3,3,4,3,3,4,3,3,3,4,5,5,4,2,4,2,2,5,3,3,3,2,4,3
746,1886995,4,4,4,5,3,5,5,3,5,3,5,3,4,5,4,5,5,4,4,4,3,3,3,5,3,4,4,3,5,5
747,1887657,4,1,5,4,5,3,4,4,4,4,5,3,5,4,5,3,4,4,5,5,2,4,4,3,4,3,4,4,5,3
748,1887920,5,2,5,5,5,5,5,5,4,5,5,3,5,5,5,5,5,5,5,3,5,4,5,5,4,5,5,5,5,5
749,1889371,5,3,4,4,3,4,4,4,3,4,5,3,5,3,5,4,5,5,4,5,3,4,4,5,5,3,5,4,5,4
750,1890303,5,4,4,5,3,4,4,4,3,5,5,4,4,3,4,4,5,4,5,4,5,4,4,4,3,4,5,4,4,4
751,1895930,3,3,4,5,3,4,4,3,4,3,3,2,3,4,3,4,4,4,4,4,2,2,3,4,3,5,4,3,4,3
752,1898804,4,4,3,5,3,3,5,4,5,4,4,4,4,5,4,5,5,4,4,4,2,3,4,4,4,4,4,4,4,4
753,1900750,3,5,5,4,3,4,4,3,2,5,5,5,4,4,3,4,4,5,5,5,4,4,4,5,4,3,4,5,4,5
754,1901495,4,5,5,5,4,5,4,2,3,3,3,3,5,2,3,4,5,5,5,2,5,3,4,5,3,5,5,4,5,4
755,1903900,5,5,5,5,4,4,2,4,3,3,3,5,5,3,3,5,3,5,5,5,4,4,4,5,3,5,5,5,5,5
756,1906026,4,4,3,4,4,4,5,4,3,3,5,3,4,4,4,4,5,4,5,4,3,4,4,4,4,4,4,3,5,4
757,1906611,4,4,4,4,5,4,5,4,3,5,4,2,5,4,5,4,5,4,4,4,4,2,4,4,4,5,5,4,4,4
758,1908051,4,2,3,4,5,4,4,4,3,3,5,5,5,4,4,5,5,4,4,4,2,4,3,3,4,5,5,4,3,3
759,1910320,3,2,2,2,1,3,3,1,2,1,3,4,3,1,2,4,2,3,3,1,3,2,1,2,2,2,3,1,4,4
760,1917470,3,3,4,5,2,4,4,3,3,2,4,4,3,4,2,4,5,5,5,3,4,5,2,4,3,5,5,4,5,3
761,1921059,3,3,3,2,4,3,4,3,2,4,3,1,5,4,3,4,3,3,4,3,1,1,3,2,3,3,4,3,5,3
762,1921815,2,4,4,5,3,5,4,3,5,3,4,4,4,3,3,3,2,5,5,3,3,3,2,3,2,4,4,2,5,4
763,1922925,4,3,4,3,3,5,4,3,4,4,4,3,4,4,3,3,5,5,5,4,3,3,3,4,4,5,5,4,5,3
764,1925701,4,5,4,5,4,5,5,4,5,5,5,3,5,5,4,5,5,5,5,5,3,5,5,5,5,5,5,5,5,4
765,1925832,4,5,5,5,2,4,4,3,4,3,3,5,5,4,3,4,5,5,5,4,5,5,3,4,2,5,5,3,5,4
766,1928175,3,1,4,5,2,5,4,4,3,4,4,3,5,4,3,3,5,4,4,4,3,2,2,4,3,3,5,3,5,4
767,1928532,4,2,4,5,3,4,5,3,3,4,4,4,4,3,4,5,5,5,4,4,2,4,2,5,4,4,4,4,5,3
768,1928776,5,4,4,5,2,4,4,3,3,5,5,5,5,4,4,4,5,4,5,4,3,3,4,3,4,5,5,3,4,3
769,1931302,4,5,5,5,4,5,4,4,4,4,4,4,4,3,4,4,5,5,5,4,4,3,4,4,4,5,5,3,5,4
770,1935714,4,4,4,5,3,4,5,4,4,5,5,4,3,5,4,5,5,5,4,5,2,4,4,5,4,5,5,5,5,4
771,1937187,5,4,4,5,3,4,3,3,4,4,5,3,4,5,4,4,5,5,5,3,2,4,3,3,4,4,3,4,5,4
772,1941094,4,4,3,5,3,5,4,4,4,4,4,3,4,4,3,5,5,5,5,3,4,4,4,4,4,5,4,3,4,4
773,1944012,4,2,3,5,5,4,5,2,1,5,5,3,5,5,5,5,5,5,4,5,1,2,4,2,4,4,5,4,4,4
774,1948638,4,4,4,5,3,3,4,4,4,4,4,2,4,4,4,4,4,4,5,5,3,1,3,5,4,3,4,2,5,4
775,1952121,3,4,5,4,4,5,3,3,3,4,4,2,5,4,3,3,4,4,5,4,3,4,1,4,3,5,5,4,5,4
776,1959760,5,4,5,5,3,3,4,4,4,5,4,2,5,4,4,3,5,3,3,4,4,3,3,5,5,4,4,5,4,4
777,1961702,4,4,3,5,4,4,4,4,4,5,4,3,4,4,4,5,5,5,4,5,3,4,4,4,4,4,5,4,4,4
778,1968107,4,5,3,5,4,5,4,4,5,5,5,3,5,5,5,5,5,5,5,5,3,3,5,4,4,4,5,5,5,5
779,1968862,3,3,3,4,5,3,4,4,3,4,5,2,5,3,4,3,3,5,5,5,5,3,2,4,3,5,5,3,5,5
780,1969560,4,3,4,3,2,2,3,2,3,3,5,1,5,3,3,4,4,5,4,3,3,2,5,3,2,4,5,5,4,4
781,1970653,2,3,4,5,3,5,3,5,5,5,4,4,5,5,4,5,5,4,5,3,4,3,3,5,3,5,4,3,5,5
782,1976465,3,3,4,4,2,4,4,3,3,4,5,5,5,4,3,3,5,5,5,2,3,4,4,4,4,4,4,2,5,3
783,1979488,4,4,3,4,2,3,4,3,3,3,3,3,4,5,4,3,5,4,4,3,3,3,2,4,3,5,4,3,4,4
784,1981464,4,4,3,4,3,5,4,4,3,4,4,2,5,4,5,4,5,5,4,5,1,3,4,5,5,5,5,4,5,4
785,1985504,3,3,5,4,2,4,3,2,2,4,3,3,5,3,3,4,5,5,4,3,4,3,3,4,3,5,4,3,4,4
786,1987806,3,4,5,4,2,4,2,1,1,3,3,5,4,2,2,3,5,4,5,2,4,3,2,3,1,4,5,1,4,4
787,1991855,5,5,5,5,5,5,5,5,5,5,5,1,5,5,5,5,5,5,5,5,1,5,5,5,5,5,5,5,5,5
788,1992894,4,5,5,5,4,5,4,4,4,4,4,4,5,4,4,4,5,5,5,4,3,4,2,5,4,5,5,3,5,4
789,1995910,4,4,4,2,4,4,4,2,4,3,3,4,3,4,4,3,4,4,3,4,2,4,3,3,3,3,4,3,4,3
790,1996154,3,5,4,5,3,4,4,4,5,5,5,4,4,4,3,4,5,5,4,5,2,3,3,4,3,5,4,5,5,3
791,2000237,4,5,5,4,3,5,4,4,5,4,5,4,4,5,5,4,5,5,5,4,5,4,4,5,3,5,5,5,5,5
792,2001318,3,5,3,5,3,4,3,3,4,3,4,4,4,4,3,4,4,3,4,3,3,4,3,5,4,4,5,3,4,4
793,2014204,3,3,3,4,3,3,5,4,4,3,5,3,5,5,4,5,5,5,4,5,3,2,3,4,4,4,4,5,5,4
794,2015498,4,5,5,4,2,4,3,2,2,4,4,5,5,3,1,3,4,5,5,3,4,5,3,4,3,4,5,2,5,4
795,2020033,4,5,5,5,3,4,3,3,2,5,3,5,4,3,3,4,4,4,5,4,5,5,3,3,3,4,5,4,5,3
796,2021377,3,3,3,4,3,3,4,3,3,4,4,2,4,4,4,4,4,4,4,4,2,3,3,4,3,4,5,3,5,3
797,2021988,4,5,4,5,4,5,5,4,4,4,3,4,5,4,4,5,5,5,4,3,3,4,4,4,4,4,5,4,4,3
798,2022007,3,5,3,3,3,4,4,5,5,4,4,3,5,3,4,5,5,5,5,4,4,1,5,5,5,5,5,4,4,5
799,2023883,5,5,3,2,5,5,5,2,3,3,5,3,5,5,3,5,5,5,4,5,4,3,4,5,3,5,5,4,5,5
800,2025153,3,3,4,4,3,4,4,3,3,4,4,3,3,3,3,3,4,5,4,4,3,3,3,4,2,3,4,3,5,4
801,2028491,2,4,4,3,2,2,3,2,1,4,3,4,4,4,1,2,3,5,4,3,1,4,2,5,3,4,3,2,3,4
802,2028581,4,2,1,4,4,3,3,4,5,4,4,2,5,4,3,4,3,4,4,4,2,2,5,4,3,4,5,4,4,3
803,2029705,3,5,5,4,2,4,3,2,2,4,5,3,4,4,2,4,5,5,5,2,3,4,1,3,3,3,4,3,5,3
804,2034703,2,3,4,5,3,3,3,3,3,3,1,3,4,3,2,4,2,5,4,2,3,5,1,4,4,2,3,2,3,4
805,2038372,4,5,5,4,2,3,4,2,3,2,3,2,4,4,3,5,5,5,5,3,3,2,2,4,3,5,3,4,3,4
806,2039201,3,5,4,4,2,4,4,3,3,3,4,4,4,3,3,3,4,5,5,3,1,3,5,5,3,5,3,3,5,2
807,2039521,3,4,5,4,2,4,3,4,4,4,4,4,4,2,3,4,4,5,5,4,2,3,4,4,3,3,4,3,5,3
808,2041854,4,5,4,5,2,4,5,4,4,4,5,4,5,5,3,5,5,5,5,4,4,4,3,4,4,5,5,4,5,4
809,2043195,4,5,4,5,4,5,5,3,5,5,4,5,4,5,4,4,5,5,5,5,4,5,4,3,5,5,4,5,4,4
810,2047318,3,5,3,5,4,5,5,5,5,3,4,5,5,4,5,5,5,5,5,4,3,2,4,4,4,4,5,5,5,5
811,2048294,4,3,3,4,4,5,4,4,4,4,4,4,4,3,4,4,5,4,4,5,3,4,3,4,4,4,5,3,4,4
812,2053250,4,4,4,4,3,4,4,2,3,4,5,4,4,4,3,3,4,5,5,4,5,5,2,4,2,4,4,3,4,3
813,2054908,4,5,4,5,3,3,5,2,4,4,4,4,5,5,3,5,5,5,5,3,4,3,3,5,5,5,5,3,5,5
814,2055340,5,4,2,5,3,5,5,4,5,3,5,5,3,4,4,5,5,5,5,3,2,4,5,5,3,4,5,1,5,5
815,2056022,4,3,2,4,3,3,4,4,4,3,5,5,4,5,4,5,4,2,4,4,2,4,2,5,3,4,5,3,3,4
816,2057435,2,1,3,5,3,3,4,3,3,4,4,2,4,4,3,5,5,5,4,4,2,4,2,4,4,3,4,3,4,2
817,2061246,4,3,3,4,4,4,5,3,4,4,4,1,5,3,4,3,3,5,4,3,2,2,3,5,4,5,5,3,4,5
818,2065684,3,5,3,4,3,4,4,3,2,3,4,3,4,3,3,3,5,4,4,3,3,3,2,3,3,3,4,3,4,3
819,2068497,4,3,5,5,3,3,5,4,4,3,3,5,2,5,4,3,3,3,4,4,4,3,4,5,5,5,5,4,5,4
820,2071383,4,4,5,5,3,2,4,3,3,3,4,2,5,4,3,3,4,5,3,3,4,3,4,5,2,5,5,3,4,3
821,2073563,5,4,4,4,4,4,4,4,5,5,3,4,4,4,4,5,5,3,4,5,4,4,5,5,3,5,5,3,4,5
822,2073753,3,3,4,4,3,5,3,1,3,3,4,4,4,4,1,5,5,4,4,3,3,3,3,2,3,5,3,3,4,3
823,2075828,4,3,4,4,4,5,5,4,4,3,4,4,4,4,3,5,5,5,5,3,1,2,4,5,4,3,5,4,5,4
824,2081120,4,3,4,4,2,4,4,3,4,4,4,2,4,3,4,4,4,3,4,2,2,4,4,4,4,4,3,3,5,4
825,2089599,1,1,4,5,3,4,5,4,5,2,5,4,4,5,4,5,5,4,5,2,4,3,1,4,4,5,5,5,3,4
826,2089742,4,4,4,4,2,4,4,4,3,3,5,4,5,4,3,4,5,5,5,4,2,4,3,4,4,4,5,4,5,4
827,2090015,4,3,4,5,4,4,5,4,4,4,4,2,5,4,4,4,5,4,4,4,3,4,4,4,4,4,4,4,5,3
828,2096157,3,5,4,4,3,5,5,3,4,3,4,2,4,3,4,5,5,5,4,3,3,3,4,4,3,4,5,4,5,5
829,2102685,3,3,5,4,3,5,4,3,4,4,4,4,4,5,3,3,5,5,5,2,4,4,4,4,4,4,5,3,5,4
830,2107249,3,4,3,4,3,4,4,2,3,4,4,3,3,3,3,3,3,4,3,4,3,3,2,3,3,3,3,3,4,3
831,2110107,5,4,5,5,5,5,4,3,4,5,5,3,4,5,4,4,5,5,5,5,2,5,4,4,5,5,5,5,5,5
832,2111039,4,5,5,5,3,5,5,4,5,5,5,5,5,3,3,5,5,5,5,5,5,5,3,5,5,5,5,5,5,5
833,2111071,4,2,3,4,4,3,5,4,4,5,3,3,4,4,5,5,5,3,5,5,1,3,3,5,3,4,5,3,4,4
834,2113596,4,5,5,5,2,3,5,4,4,2,3,5,4,4,3,5,5,5,4,4,4,4,3,5,4,3,4,3,4,3
835,2115174,4,5,5,4,3,4,5,4,4,3,5,4,4,4,4,4,5,5,5,4,5,5,5,5,4,5,4,4,5,4
836,2116041,5,1,3,2,3,5,5,2,4,4,5,1,5,1,5,5,5,4,4,4,2,3,4,4,5,5,5,4,5,4
837,2117885,4,5,3,4,4,4,5,4,5,4,5,2,5,4,2,5,5,5,4,5,3,4,2,5,4,4,5,5,4,5
838,2118374,5,5,3,4,4,5,5,4,4,3,5,3,4,3,4,5,5,5,5,5,2,4,4,5,3,5,5,4,5,5
839,2118461,5,4,4,5,5,4,5,4,4,5,5,4,5,5,5,4,4,5,5,5,4,4,5,5,4,5,5,4,5,4
840,2118863,5,4,3,5,3,4,4,4,3,4,4,5,5,4,4,4,5,4,5,4,4,4,4,4,3,5,5,4,5,4
841,2123669,3,4,2,5,2,4,3,3,3,4,5,4,4,4,3,3,5,5,4,4,4,3,4,3,4,4,4,3,4,3
842,2124267,5,3,1,5,3,4,3,3,5,4,3,1,4,3,3,3,5,5,5,5,3,4,2,5,3,5,5,5,5,3
843,2125035,4,5,5,5,5,4,4,3,3,4,4,4,5,5,3,4,5,5,4,3,3,4,3,3,3,5,5,3,4,5
844,2129120,3,4,4,5,4,5,4,3,4,4,4,3,5,4,4,2,5,4,5,4,4,4,2,4,3,5,3,4,4,4
845,2132254,4,4,5,5,3,4,4,4,5,3,4,5,5,4,3,4,4,5,5,3,4,5,2,4,3,5,5,3,4,4
846,2134981,4,5,4,5,3,4,4,3,4,5,4,4,4,4,3,4,5,5,5,4,5,5,3,3,5,5,4,4,4,4
847,2135410,4,4,3,5,4,4,4,4,3,2,3,4,4,4,4,4,5,3,5,1,4,2,2,4,3,5,4,3,5,4
848,2136526,4,5,4,5,3,4,5,4,4,4,5,4,5,5,3,4,5,5,5,5,4,5,3,4,4,5,5,3,5,5
849,2137366,4,5,4,5,4,5,5,3,4,5,5,4,5,4,5,5,5,5,4,4,1,4,4,5,3,4,5,4,5,3
850,2137807,3,2,4,4,4,4,3,2,3,4,3,3,4,3,3,3,5,5,4,4,3,3,4,4,4,4,5,3,5,5
851,2138987,4,3,5,3,3,5,4,3,4,4,4,4,5,5,3,4,5,4,5,2,2,3,4,4,3,5,4,4,5,4
852,2144806,4,4,3,3,3,4,4,3,3,4,4,1,4,3,2,4,4,4,3,5,2,2,3,5,3,4,5,4,4,4
853,2146672,4,4,5,5,2,5,4,1,2,5,4,4,5,3,3,4,5,5,5,4,5,5,2,4,3,5,5,4,5,4
854,2147527,4,2,2,5,2,2,3,3,3,3,1,3,3,5,4,2,2,5,3,3,3,2,3,1,3,3,3,3,4,4
855,2147956,4,4,4,4,2,4,4,3,4,3,4,4,5,4,2,4,4,3,4,3,3,4,4,4,4,5,5,3,4,4
856,2150451,5,3,3,5,5,4,5,3,3,5,4,1,4,4,4,4,2,4,4,3,2,3,4,3,4,3,4,3,4,4
857,2153351,3,5,5,2,3,5,4,3,3,5,5,4,5,3,3,5,5,5,5,3,3,3,4,4,4,5,4,3,4,3
858,2158880,5,5,5,5,2,5,2,2,2,4,4,5,5,3,3,4,5,5,5,4,4,5,2,4,3,5,5,1,5,2
859,2161052,4,5,5,3,3,3,4,3,3,3,4,4,5,3,4,3,5,5,4,4,4,3,3,4,3,3,3,3,5,3
860,2167333,4,5,4,5,3,5,4,3,4,4,4,4,4,3,3,5,5,5,5,4,5,4,2,4,3,3,3,4,4,4
861,2167703,4,5,5,4,1,3,4,2,4,4,4,5,5,5,4,4,5,4,5,2,4,5,2,4,3,4,3,3,4,3
862,2174575,5,4,3,4,4,4,4,3,3,4,4,3,5,5,3,4,5,3,4,5,1,3,4,3,3,5,5,5,5,4
863,2181504,4,4,5,5,3,5,5,5,5,5,5,5,2,4,3,5,5,5,4,4,4,5,5,5,4,5,5,4,4,4
864,2182331,3,4,2,5,2,5,5,3,3,4,4,2,4,3,4,4,5,5,5,4,3,3,2,4,3,4,4,3,5,4
865,2184048,4,4,4,4,3,4,3,4,3,4,4,3,5,3,3,3,5,4,5,3,3,4,4,3,3,3,4,3,5,4
866,2188949,4,5,5,4,4,4,4,3,3,3,4,5,5,5,4,5,5,5,5,2,4,4,4,4,4,4,4,3,5,5
867,2200718,4,5,5,4,3,5,5,3,4,2,5,5,5,4,4,3,5,5,5,3,4,5,3,4,4,4,3,1,5,2
868,2201302,4,4,3,5,5,5,5,5,5,5,5,3,5,5,5,5,4,5,5,5,2,4,5,5,4,5,5,5,5,4
869,2201629,3,3,4,3,3,4,3,3,3,4,3,3,4,3,3,2,4,4,3,3,4,4,3,4,4,3,4,3,4,3
870,2202365,4,5,4,5,4,5,4,4,5,4,5,4,5,5,4,4,3,5,4,4,3,4,3,5,4,4,4,5,4,4
871,2204272,4,4,4,5,3,3,5,4,5,3,4,5,5,4,3,4,5,5,5,4,4,3,1,4,3,5,5,4,5,3
872,2204694,5,5,5,4,4,2,4,3,5,4,3,4,5,5,5,3,5,5,5,4,2,2,4,4,4,4,5,2,5,5
873,2209537,4,4,4,4,3,3,4,4,4,2,4,3,5,4,4,4,4,4,5,3,4,3,4,3,3,4,4,3,5,4
874,2209835,3,4,4,4,3,4,4,3,3,3,4,4,3,4,3,3,5,5,4,4,3,4,3,4,4,4,4,3,4,3
875,2213706,4,5,4,5,4,4,4,3,4,5,3,2,5,5,5,5,5,4,5,5,5,2,4,3,4,5,5,3,5,5
876,2215359,4,4,4,4,3,4,4,3,4,4,5,4,5,3,4,5,4,5,5,4,1,3,3,4,3,5,5,4,4,4
877,2215598,5,5,5,5,4,5,5,3,5,5,5,5,4,5,5,3,4,5,5,5,4,4,4,5,2,5,5,5,5,4
878,2215790,4,3,4,4,3,4,4,3,3,3,4,3,3,3,4,4,4,4,5,3,1,3,3,4,2,3,3,3,4,4
879,2218750,3,4,4,3,4,4,3,3,4,3,4,4,4,4,3,5,4,5,5,3,3,3,4,4,4,5,5,3,5,5
880,2219187,3,3,5,5,4,5,4,3,3,2,4,2,5,5,3,4,4,4,5,3,4,3,3,4,4,4,4,3,4,4
881,2219225,4,5,5,5,3,4,4,4,3,5,5,3,5,4,4,4,5,5,4,4,4,5,3,5,4,4,5,4,5,5
882,2226757,3,5,4,4,2,4,4,3,3,3,4,4,5,5,3,5,4,5,4,4,1,2,3,5,4,4,5,4,5,5
883,2229308,5,5,2,5,4,5,4,5,5,5,5,4,5,5,5,5,5,5,5,5,4,5,3,4,3,5,5,5,5,5
884,2230994,3,3,4,5,2,4,5,3,3,4,4,1,5,4,4,3,5,5,5,4,1,3,2,4,3,4,4,4,5,4
885,2231930,4,5,4,5,4,5,4,4,4,3,5,4,5,4,3,4,4,4,4,4,3,3,3,5,4,5,5,3,4,5
886,2232041,4,4,5,5,3,5,4,4,3,2,4,5,4,4,3,4,5,5,5,4,4,4,2,4,4,5,5,4,5,3
887,2235145,4,3,4,3,4,4,4,3,3,4,4,3,4,3,3,4,4,5,4,4,3,3,3,4,3,5,5,4,5,3
888,2237185,4,5,5,4,2,4,4,4,4,3,4,5,4,4,3,4,5,5,5,3,5,4,3,4,3,5,5,3,5,4
889,2243435,3,4,5,4,3,5,4,3,4,4,4,2,4,3,4,4,4,5,4,4,1,2,3,5,3,3,3,4,5,3
890,2244124,4,4,4,5,3,5,4,2,3,4,3,3,3,3,3,5,4,4,5,3,2,4,3,5,3,4,5,3,4,3
891,2244671,2,4,3,2,3,4,3,2,3,3,4,2,4,5,3,4,3,3,4,4,2,4,4,3,5,4,4,3,5,4
892,2248080,3,3,2,3,2,3,4,4,3,3,4,3,3,4,3,3,3,4,4,3,2,3,3,3,4,4,3,3,4,3
893,2256731,3,2,3,3,2,5,5,2,5,4,4,1,4,3,3,5,5,5,5,4,5,1,1,3,3,3,5,4,4,4
894,2257441,4,3,3,5,2,4,4,3,3,3,4,3,5,4,3,4,5,5,3,3,2,3,3,4,4,4,4,4,3,3
895,2262335,4,2,2,4,3,5,3,4,3,2,5,1,4,3,4,2,4,5,4,3,1,1,3,3,3,4,5,4,4,3
896,2264796,2,2,5,3,3,3,3,2,3,3,5,2,5,4,4,4,5,5,4,5,1,3,3,5,4,5,5,3,4,5
897,2268573,3,1,4,2,2,2,2,2,3,3,3,3,2,4,3,2,2,4,5,2,2,2,1,2,3,2,4,2,4,3
898,2269100,4,4,5,5,3,4,4,4,4,4,4,2,5,4,4,4,5,5,5,5,3,2,4,3,3,4,4,2,4,4
899,2269486,3,4,5,3,1,5,4,3,3,3,4,4,4,1,2,2,3,4,4,4,4,4,2,4,1,3,3,3,5,2
900,2270611,3,4,2,3,4,3,4,1,2,2,5,2,5,4,3,3,5,5,5,2,3,2,3,4,3,4,2,3,4,2
901,2271702,3,5,5,4,2,5,3,3,4,4,5,4,5,3,3,4,5,5,4,4,3,3,3,5,5,5,4,3,4,5
902,2278766,4,5,5,4,3,4,3,3,3,4,4,5,4,4,3,4,5,5,5,4,3,5,3,4,3,4,5,3,5,4
903,2285450,4,4,4,5,2,4,5,4,3,4,3,3,4,4,2,4,3,3,3,2,5,4,2,4,3,3,4,1,4,4
904,2286380,5,4,4,5,4,4,5,4,5,4,5,3,4,5,4,5,5,4,5,4,2,2,4,5,4,5,5,5,4,5
905,2295321,4,5,5,4,3,4,4,3,4,5,4,4,4,4,3,4,5,4,5,4,4,4,2,4,4,4,5,4,5,4
906,2296407,4,4,5,4,2,3,3,3,3,4,4,3,4,4,1,4,4,3,4,3,4,3,3,3,3,4,5,3,5,3
907,2297136,3,3,5,3,5,3,3,3,2,3,5,3,5,3,4,3,5,5,5,4,1,3,3,3,3,3,5,4,5,3
908,2299661,4,4,5,5,2,5,4,4,3,5,5,5,5,4,3,5,5,5,5,5,1,4,4,5,4,5,5,4,5,4
909,2299951,3,3,5,5,2,4,4,2,3,5,4,4,4,3,3,4,5,4,5,4,5,4,2,4,3,5,5,3,4,3
910,2300163,5,5,4,5,4,3,5,4,5,4,3,3,4,4,4,5,4,5,5,5,3,3,4,4,3,5,5,3,4,5
911,2307866,4,4,4,4,4,3,5,4,4,4,5,4,5,5,4,4,5,5,5,5,3,1,4,3,4,4,5,3,5,5
912,2309065,3,3,3,4,3,5,5,3,3,5,4,3,5,4,4,3,5,5,5,4,2,3,4,5,4,4,4,5,5,4
913,2315135,3,5,5,5,4,4,5,4,5,4,3,3,5,5,5,5,5,5,5,4,3,3,4,5,4,5,4,5,5,4
914,2316963,5,4,4,5,4,5,5,4,5,5,5,5,5,5,5,5,5,5,5,5,4,4,4,4,5,5,5,5,5,5
915,2320697,4,4,4,2,2,3,3,2,2,3,4,4,4,3,4,4,4,5,5,3,4,5,2,4,4,4,4,3,4,3
916,2328701,4,5,5,5,4,3,5,5,5,4,5,3,5,5,5,5,5,5,5,4,5,5,4,5,4,5,5,5,5,5
917,2328754,4,4,3,4,3,4,3,4,3,5,4,5,4,4,3,3,5,4,5,3,2,5,3,3,3,4,5,3,4,4
918,2331642,4,4,4,5,3,4,4,3,2,4,4,4,3,3,4,5,5,4,4,3,4,4,3,4,3,4,4,4,4,4
919,2331938,4,3,4,5,4,4,4,4,4,4,5,5,5,4,5,3,3,5,5,4,1,4,5,3,4,5,5,5,4,3
920,2332765,3,4,3,4,4,3,5,3,4,3,5,5,4,3,3,4,4,5,5,3,5,3,2,4,4,4,4,3,3,2
921,2338809,4,4,4,4,4,4,4,4,4,4,5,4,5,5,3,4,4,5,5,3,4,4,4,4,4,4,4,4,5,4
922,2340654,4,4,3,5,4,4,5,5,5,4,4,1,5,5,4,4,5,4,3,4,1,1,4,5,4,5,5,4,5,4
923,2341389,3,4,4,4,4,4,5,4,4,4,4,3,5,4,3,5,4,5,5,3,1,4,4,5,3,4,3,4,4,3
924,2341871,4,3,4,5,2,3,3,3,4,4,4,2,5,4,3,3,4,5,4,5,1,3,3,4,3,5,5,5,5,4
925,2342312,5,3,5,5,4,5,5,1,5,5,4,5,4,5,5,5,5,5,5,4,4,5,3,5,5,5,5,5,5,4
926,2343379,3,4,5,5,4,4,4,5,5,4,5,3,5,5,4,5,5,5,4,5,1,4,3,3,4,5,5,5,5,4
927,2349412,2,4,4,5,4,3,5,4,4,4,5,1,5,3,4,5,5,5,5,3,4,2,5,2,3,5,5,4,5,5
928,2351276,3,2,4,4,3,2,4,3,2,3,4,3,4,3,3,4,2,3,4,3,3,3,2,3,3,3,3,3,2,3
929,2351580,3,4,4,5,3,4,4,3,4,3,4,3,4,4,3,5,3,5,5,5,3,3,3,3,3,4,5,3,5,4
930,2353302,3,3,3,4,2,3,3,2,2,2,4,3,5,3,4,3,4,5,4,3,5,4,4,3,2,4,5,2,5,3
931,2354740,5,5,5,5,4,5,5,4,4,4,5,5,5,5,4,5,5,5,4,4,5,1,4,5,5,5,5,4,5,5
932,2356870,5,3,5,4,5,3,4,4,3,5,4,2,4,5,4,2,3,4,5,5,2,3,4,4,3,3,4,4,5,4
933,2358256,5,5,2,5,3,3,3,3,3,5,5,3,5,4,4,4,5,5,5,5,1,4,3,2,2,4,5,4,5,3
934,2361605,3,4,2,3,3,5,4,3,4,5,4,3,5,4,4,4,4,5,4,4,1,3,4,5,4,4,5,4,5,5
935,2365581,4,5,4,4,3,4,3,4,4,4,3,5,2,3,2,4,5,3,1,3,3,5,3,3,4,3,3,4,5,4
936,2367997,3,5,4,5,3,4,5,2,3,4,4,2,5,4,4,4,3,5,4,4,2,4,3,2,3,4,5,4,4,4
937,2370879,4,2,2,4,3,5,5,5,4,5,5,5,5,3,5,4,5,5,5,5,3,3,4,3,3,5,5,5,5,3
938,2373185,3,5,4,5,3,4,4,4,4,3,4,4,5,4,3,5,5,5,5,3,4,3,3,4,4,5,5,3,3,4
939,2376301,4,5,4,5,4,4,5,5,4,4,5,4,5,4,4,5,5,5,5,4,4,4,4,5,4,5,5,4,5,5
940,2378561,3,4,4,5,3,4,4,3,3,3,4,3,4,3,3,4,5,5,5,4,4,5,3,3,4,4,4,3,4,3
941,2384070,3,4,5,4,3,5,4,3,4,5,5,4,3,3,4,3,5,5,5,4,3,3,3,3,2,3,3,3,5,3
942,2385226,4,5,5,4,3,5,5,3,4,4,5,5,5,5,4,5,5,5,5,5,4,4,3,5,4,5,5,3,5,4
943,2387707,3,3,4,4,2,4,4,3,4,3,4,2,4,3,2,3,5,5,4,3,3,3,3,3,4,4,3,4,5,4
944,2388935,3,3,5,4,2,5,5,5,3,5,4,5,3,3,5,5,5,5,5,5,3,4,3,4,3,5,5,3,4,4
945,2389571,4,4,2,4,3,2,3,3,3,4,5,2,5,3,3,4,5,5,5,4,2,3,4,5,3,3,4,3,5,5
946,2394802,5,4,4,5,4,4,5,5,5,5,4,4,5,5,4,5,5,5,4,5,5,5,5,5,5,5,4,3,5,5
947,2395304,5,4,5,5,4,4,5,3,3,5,5,5,3,3,4,5,5,4,5,4,1,5,4,4,3,5,5,3,5,4
948,2395895,4,5,5,4,3,4,4,2,3,3,4,4,5,3,2,4,5,5,5,3,3,4,2,4,3,3,4,2,5,4
949,2398509,2,4,4,4,3,4,3,4,4,3,5,3,5,4,4,3,5,5,5,4,2,2,4,3,5,5,4,2,5,4
950,2401635,2,4,3,4,3,3,3,3,4,4,4,2,4,4,4,3,4,4,4,3,2,1,4,3,4,5,4,3,4,4
951,2401693,5,4,3,4,5,4,5,5,5,5,5,4,5,5,5,5,5,4,5,5,4,4,5,5,5,5,5,5,5,5
952,2402136,3,4,3,3,4,3,5,4,3,5,5,4,5,5,5,5,5,5,5,5,1,3,4,5,3,4,5,5,5,5
953,2404088,4,4,5,3,4,4,2,2,2,4,4,2,5,4,4,4,5,5,4,4,3,5,4,4,4,4,4,5,5,3
954,2405303,4,3,5,5,2,5,4,4,4,4,5,5,5,3,4,3,4,5,4,4,4,4,4,3,4,5,4,3,4,4
955,2405385,4,3,4,3,4,4,3,4,4,5,4,2,5,3,3,2,4,3,4,5,2,2,3,4,4,4,4,4,4,4
956,2407154,4,4,5,4,3,5,4,2,3,3,4,5,5,5,3,4,5,5,5,3,5,4,2,4,4,4,5,3,5,4
957,2408145,4,3,4,4,3,3,4,2,3,3,4,4,4,3,3,2,4,4,4,4,3,3,2,4,3,3,4,2,3,3
958,2411531,3,5,4,5,3,4,3,3,3,4,3,3,4,4,3,4,4,4,4,2,4,4,2,3,3,3,5,4,5,3
959,2412383,4,5,3,5,3,4,5,2,4,2,4,3,5,3,4,3,5,5,5,5,1,3,3,4,3,5,5,5,5,2
960,2412878,3,3,3,4,3,4,4,4,4,4,4,4,5,3,1,3,3,4,4,4,5,3,2,4,4,3,4,3,4,4
961,2416290,3,4,4,4,2,4,3,2,4,4,5,3,4,3,2,4,1,5,5,4,3,3,4,4,4,4,5,2,4,4
962,2417531,3,5,4,3,3,3,5,2,4,4,5,4,4,2,3,5,5,5,5,1,5,5,3,3,3,5,5,1,5,4
963,2418086,4,5,5,4,4,4,4,3,3,3,4,5,5,3,3,5,5,3,5,3,2,5,3,3,4,4,4,2,4,5
964,2418129,4,4,5,4,4,5,4,4,5,4,5,4,4,4,5,5,5,5,5,1,5,4,4,5,4,5,5,4,4,4
965,2427965,3,4,4,2,3,2,4,4,4,3,5,4,5,3,4,3,5,4,4,4,3,3,3,4,3,3,4,2,4,3
966,2428259,5,4,5,5,5,5,4,3,4,4,5,5,5,4,5,4,5,4,4,5,5,4,4,5,5,5,5,5,4,4
967,2428423,3,5,4,4,2,3,4,3,3,2,4,5,5,3,3,3,5,5,4,2,3,4,3,4,4,5,3,2,3,3
968,2432162,4,3,4,4,3,3,4,4,2,1,4,3,5,4,3,3,5,4,5,5,4,3,2,4,2,3,2,5,5,5
969,2432862,3,5,4,5,3,3,3,4,4,3,4,4,4,5,3,5,4,3,3,3,4,4,1,5,3,5,5,4,4,4
970,2433610,4,4,5,5,4,2,3,3,3,2,5,4,5,2,3,3,5,5,4,2,2,4,5,5,4,5,5,3,5,3
971,2434187,3,4,4,4,4,3,4,3,3,3,4,3,4,3,4,4,4,4,4,4,3,3,3,3,3,4,4,3,4,4
972,2435371,3,4,4,4,3,3,4,3,4,3,5,3,3,4,4,4,4,5,4,5,3,5,3,4,3,4,5,4,5,4
973,2437697,4,4,4,3,4,3,4,4,4,4,5,4,5,4,3,3,5,5,4,5,4,4,4,5,3,5,5,4,5,5
974,2438621,4,5,5,5,3,4,4,3,3,4,4,5,4,3,3,4,5,4,5,3,2,4,5,5,3,4,4,3,5,5
975,2439493,3,1,2,4,5,1,1,3,4,5,1,1,4,3,5,1,2,5,1,5,1,1,3,5,2,5,3,5,1,1
976,2440322,4,3,5,4,3,4,3,3,4,3,4,4,5,3,3,4,5,4,4,4,3,3,4,5,4,4,5,3,5,4
977,2440392,2,4,4,5,3,4,5,5,4,4,5,4,4,5,4,4,5,5,5,4,5,5,3,4,4,5,5,4,5,4
978,2455068,4,4,3,5,4,4,5,4,4,4,4,4,3,5,4,5,4,4,4,3,3,5,3,5,3,5,4,4,4,4
979,2455281,2,2,4,3,3,3,3,3,3,3,4,2,4,2,2,2,5,4,4,4,3,3,2,4,1,3,4,1,5,3
980,2455567,3,3,3,4,2,3,3,4,4,4,3,3,3,4,3,2,3,4,4,4,2,4,3,3,3,2,4,3,4,4
981,2457240,3,5,5,5,1,5,5,3,3,3,4,5,5,5,3,4,5,5,5,5,5,4,4,5,5,5,5,5,5,3
982,2458825,4,4,4,3,3,4,4,4,4,2,5,3,4,3,4,4,5,3,4,3,2,3,4,4,4,3,5,3,5,4
983,2460025,3,4,4,5,3,5,5,3,3,4,3,4,4,4,3,3,4,4,4,4,3,4,3,4,4,5,5,4,5,4
984,2465894,4,4,4,4,2,5,4,3,4,3,4,4,4,2,3,4,5,5,5,3,3,2,2,4,3,5,5,3,5,4
985,2468830,4,3,3,4,3,3,4,3,3,4,5,2,4,4,3,3,4,5,5,3,2,2,3,2,4,5,4,4,4,3
986,2468881,3,4,4,4,3,4,4,3,3,3,4,5,4,3,3,4,5,4,5,3,5,5,3,3,4,3,4,3,4,3
987,2471566,3,4,5,4,3,4,3,3,3,3,4,4,5,3,3,4,5,5,4,3,1,4,2,4,3,5,5,3,5,3
988,2472640,4,3,4,4,4,4,5,4,5,4,3,2,4,5,5,5,4,5,4,5,3,4,3,4,4,5,3,4,3,4
989,2473261,5,4,3,5,4,5,5,4,4,2,5,2,3,4,5,4,5,5,5,4,1,2,2,4,4,3,4,2,4,4
990,2473973,4,4,5,5,4,5,5,3,4,4,4,5,4,5,5,5,5,5,5,5,4,4,4,5,4,5,5,5,4,4
991,2477588,4,4,5,4,4,4,5,4,4,5,5,4,4,4,5,5,5,5,5,4,4,2,5,4,4,4,3,4,5,4
992,2479320,3,4,5,5,1,2,3,4,2,3,5,2,4,3,4,4,5,5,5,5,4,4,2,5,4,4,4,3,4,3
993,2485642,4,5,5,5,4,4,5,4,3,5,5,4,4,4,4,4,5,5,4,4,5,3,4,3,5,5,5,5,3,5
994,2488357,5,5,4,5,4,5,5,5,4,4,4,4,5,5,4,5,5,5,4,5,3,4,4,5,3,5,5,5,5,4
995,2495177,3,3,3,4,3,5,4,3,4,4,4,3,5,4,3,4,5,5,4,4,3,3,4,5,3,5,5,4,4,4
996,2496479,4,3,4,3,1,4,5,4,5,5,4,1,5,2,2,4,4,5,5,4,1,5,4,4,4,3,5,5,4,4
997,2502208,3,5,5,4,3,3,4,2,2,2,4,5,5,3,3,5,5,5,5,3,3,4,1,3,3,3,5,2,5,4
998,2503129,4,5,5,5,3,5,4,4,4,3,4,5,5,5,4,5,4,5,5,5,5,4,4,5,5,5,5,4,5,5
999,2503749,5,1,4,3,3,4,4,4,4,4,3,3,5,5,4,4,5,5,4,4,3,4,3,5,4,5,5,3,4,4
1000,2504747,4,5,4,4,3,4,4,3,4,3,2,3,5,4,3,4,4,4,4,3,4,4,3,4,3,5,5,4,5,3
1001,2505962,3,3,4,3,3,5,4,3,3,3,4,3,4,3,4,4,4,4,4,3,2,2,3,4,3,4,4,3,4,3
1002,2509116,4,4,4,5,3,4,4,4,4,4,4,3,5,3,4,4,5,4,5,5,3,4,4,4,3,5,5,3,5,5
1003,2509588,4,3,5,5,5,3,3,3,3,4,5,3,5,4,3,3,5,4,5,5,2,3,3,5,4,4,4,4,5,3
1004,2511730,4,4,5,5,3,5,4,3,4,2,3,4,5,3,2,4,4,5,5,3,4,5,4,4,3,3,5,4,5,5
1005,2515736,3,5,5,5,4,5,4,4,4,4,5,5,5,5,4,5,2,4,5,5,4,5,3,5,4,5,5,4,5,5
1006,2516053,5,2,2,4,4,3,5,5,3,4,4,2,5,4,4,5,5,4,4,4,4,3,5,4,5,5,5,3,5,3
1007,2518947,2,3,4,3,2,3,3,4,4,4,4,3,4,3,4,3,5,5,5,3,5,3,3,3,3,4,4,3,5,4
1008,2519325,3,5,5,5,4,4,4,3,4,2,4,5,4,5,3,4,5,4,5,2,4,4,3,5,3,3,4,4,5,4
1009,2523231,5,4,5,4,5,4,5,4,4,4,4,4,5,5,4,4,5,5,5,5,3,2,3,5,4,5,5,4,4,4
1010,2525544,5,5,5,5,5,5,5,5,5,5,5,5,5,5,5,5,5,5,4,5,5,5,3,5,5,5,5,5,5,5
1011,2526155,4,5,3,5,3,5,4,3,3,4,5,4,5,3,3,3,4,5,5,4,3,3,3,5,3,5,5,5,4,4
1012,2534701,5,3,4,5,4,5,5,3,4,5,4,5,5,5,4,5,5,5,5,4,1,4,3,5,3,5,5,4,5,4
1013,2535787,4,5,4,3,3,4,4,3,4,3,4,3,5,4,3,4,4,4,4,3,4,3,3,5,4,4,4,4,5,3
1014,2536028,3,4,5,4,4,4,4,4,3,5,5,4,3,4,5,4,5,5,5,5,3,3,4,4,4,5,5,2,5,1
1015,2536066,4,4,4,4,3,4,4,3,3,3,3,5,5,5,3,5,5,5,4,3,5,5,3,5,4,4,4,3,5,5
1016,2540343,4,4,3,5,3,4,5,4,4,4,4,4,5,5,4,5,5,5,5,4,3,4,4,5,3,5,5,4,5,4
1017,2540648,2,3,3,4,3,4,5,3,3,3,4,4,4,2,3,4,4,3,4,3,3,4,2,4,3,4,4,4,4,4
1018,2546703,5,2,4,4,3,4,4,4,3,3,4,3,5,4,4,4,3,4,4,4,1,3,2,5,4,5,4,4,4,4
1019,2548965,4,4,5,4,3,4,4,3,3,4,4,5,4,3,3,3,5,5,5,4,4,4,3,3,3,4,5,3,5,4
1020,2550595,5,4,4,5,3,5,5,4,4,4,4,3,5,5,4,4,5,5,5,4,4,3,3,4,4,5,5,4,4,4
1021,2551462,4,3,5,4,2,3,3,2,2,2,2,3,4,4,2,4,3,3,4,3,3,3,2,4,3,4,2,3,5,4
1022,2552315,4,5,5,5,2,5,5,4,4,4,3,4,4,5,1,5,5,4,5,4,4,4,3,5,3,4,5,3,4,3
1023,2554745,3,3,5,3,3,4,2,3,2,3,3,5,3,1,3,4,4,3,4,3,3,4,2,4,3,3,5,2,5,3
1024,2556523,5,5,5,5,5,5,5,4,5,5,5,5,5,5,5,5,5,5,5,5,4,5,5,5,5,5,5,4,5,5
1025,2556923,3,3,3,4,4,4,3,4,4,3,5,3,5,5,5,3,5,5,2,3,3,3,4,5,3,5,3,3,5,4
1026,2557650,2,4,4,5,1,5,4,3,2,3,4,5,5,4,4,3,5,5,5,5,4,5,2,5,3,4,5,2,5,4
1027,2557710,4,5,5,3,2,4,3,2,3,4,4,5,3,3,3,3,5,5,5,3,4,5,2,3,3,4,4,4,4,4
1028,2559843,4,4,3,5,3,4,5,4,4,4,4,4,4,5,5,4,1,5,3,4,2,4,3,3,3,4,5,5,5,4
1029,2562260,3,5,5,4,2,5,3,2,2,4,4,5,4,4,3,3,5,5,4,5,3,2,3,4,3,5,5,4,5,5
1030,2566204,3,5,5,4,3,4,5,4,4,3,5,5,5,4,4,4,5,5,5,1,4,4,4,4,5,4,5,5,5,4
1031,2567935,5,3,5,4,4,4,4,4,4,5,5,2,4,5,5,4,4,4,3,5,2,3,5,4,4,3,2,4,5,3
1032,2568360,4,5,5,5,2,5,5,4,3,5,5,4,5,5,5,5,5,5,5,4,4,2,5,5,5,5,5,3,5,3
1033,2569320,4,3,4,5,4,5,4,5,4,5,5,4,4,5,3,5,5,4,4,5,2,4,4,4,4,4,4,4,4,4
1034,2570079,4,4,4,5,3,4,5,3,3,5,5,5,5,4,4,5,5,5,3,3,5,5,3,5,4,3,4,4,5,5
1035,2572962,5,5,5,4,1,4,2,2,2,4,5,5,5,4,2,4,4,4,5,5,3,5,2,3,4,4,5,2,5,3
1036,2573288,3,4,4,4,2,4,4,4,4,4,4,2,4,3,4,4,3,3,5,5,3,4,3,3,3,4,4,1,5,4
1037,2577726,4,5,5,4,1,4,3,3,2,4,3,5,5,4,4,2,5,5,4,5,5,3,3,4,3,5,5,4,5,4
1038,2581032,4,4,3,5,3,4,4,3,4,4,4,3,3,4,4,3,5,4,5,3,3,4,3,4,3,4,4,4,5,4
1039,2581488,3,2,5,5,2,4,4,2,2,2,3,3,4,3,3,3,2,2,5,3,2,5,3,2,4,3,5,2,3,2
1040,2582052,2,3,3,3,2,3,2,1,2,1,3,3,3,2,3,3,3,3,5,3,3,3,2,2,2,3,4,2,4,2
1041,2584676,5,3,4,3,5,4,4,5,3,5,3,2,5,5,5,5,4,4,1,4,2,2,3,4,4,3,5,3,5,4
1042,2584980,4,4,5,5,3,4,4,3,4,4,4,4,4,4,3,4,5,5,5,3,3,4,3,5,4,4,4,4,5,4
1043,2590617,3,4,5,5,3,5,4,4,3,4,4,5,5,5,3,3,5,5,4,4,4,4,4,3,4,4,4,3,4,3
1044,2593093,5,1,4,5,4,4,5,4,5,4,5,5,4,5,5,4,5,5,4,4,5,5,3,5,3,5,5,4,5,4
1045,2593535,4,5,5,4,3,4,4,3,3,4,4,3,4,2,4,4,5,5,5,4,3,4,3,3,4,3,5,3,5,4
1046,2593882,2,1,1,1,1,5,5,1,3,4,4,1,5,2,3,4,5,5,5,1,1,5,1,2,2,5,5,1,5,1
1047,2594995,4,5,5,4,5,5,4,3,4,3,3,4,4,4,4,5,5,5,4,5,3,4,3,5,4,5,5,4,4,5
1048,2595747,4,4,3,4,4,5,3,4,4,5,5,3,5,5,5,5,3,5,4,5,5,3,4,5,4,5,5,5,5,5
1049,2596179,3,4,3,4,3,4,4,3,3,5,4,3,4,4,4,4,5,4,4,4,5,5,5,5,5,5,5,3,4,3
1050,2599262,5,5,5,5,4,5,5,2,5,5,5,5,5,5,5,5,5,5,5,5,2,5,5,5,5,5,5,5,3,5
1051,2600531,3,3,3,5,3,3,4,3,4,3,3,2,3,3,4,4,3,4,4,4,3,3,4,4,3,4,4,3,4,4
1052,2601274,3,5,5,4,1,5,5,3,2,1,2,5,5,5,2,2,4,4,5,2,2,5,2,1,1,3,5,3,5,2
1053,2603700,3,4,4,4,3,4,3,3,3,4,4,3,3,3,3,3,4,4,4,4,3,4,3,3,4,4,4,3,3,3
1054,2604824,4,5,4,5,4,4,5,4,4,4,4,5,5,5,4,5,5,4,5,4,4,3,5,5,4,5,5,4,4,4
1055,2605702,4,4,4,3,3,4,4,3,3,4,4,4,4,4,3,4,3,4,4,4,3,3,3,4,2,4,4,3,4,3
1056,2606279,3,2,3,2,4,4,3,2,4,2,3,4,5,3,4,2,4,4,5,4,2,4,2,2,2,2,5,3,4,3
1057,2606799,4,4,4,5,4,4,3,5,5,4,5,3,5,4,4,5,5,5,3,4,3,1,5,4,4,5,4,4,5,4
1058,2610157,3,3,1,4,2,3,3,3,4,4,3,4,4,3,2,4,4,4,4,4,4,2,3,3,3,4,4,1,5,3
1059,2612083,3,4,2,3,3,3,5,4,4,3,4,3,5,3,4,3,4,5,4,1,3,5,2,3,4,3,3,2,5,4
1060,2613324,5,3,4,5,5,4,4,4,5,5,5,3,5,5,4,4,5,5,4,5,3,3,5,4,3,5,4,4,5,4
1061,2615444,4,2,4,3,4,4,3,4,4,3,4,3,4,3,3,4,4,4,4,3,3,3,4,4,3,4,4,3,4,4
1062,2617870,4,4,4,5,2,5,5,3,3,4,5,1,5,3,4,4,5,4,5,4,4,4,4,4,4,4,5,5,5,5
1063,2618096,4,3,4,4,3,4,3,3,3,3,4,4,3,3,3,4,4,5,3,3,3,3,3,4,3,3,3,3,4,3
1064,2618624,4,3,5,4,3,4,5,3,4,3,3,5,4,4,5,5,3,5,3,4,5,4,4,5,4,2,5,4,5,4
1065,2619718,4,4,5,4,3,2,5,3,2,5,5,5,5,4,3,5,5,5,4,3,3,4,2,4,2,2,5,3,4,4
1066,2620169,2,4,5,3,3,5,3,3,3,4,5,2,5,4,3,2,5,5,4,4,1,4,3,5,5,5,5,5,5,5
1067,2622904,2,5,5,5,2,3,4,3,3,4,5,5,4,3,2,5,5,4,5,3,4,5,2,4,4,3,5,3,4,5
1068,2623852,4,3,3,4,2,4,4,2,3,3,4,4,3,3,3,3,5,5,4,3,3,3,2,3,3,4,4,2,4,3
1069,2625649,4,4,4,4,3,4,5,3,4,4,4,3,4,4,4,4,5,5,4,4,3,2,3,4,3,3,3,4,5,3
1070,2626336,4,4,4,4,1,2,5,3,3,4,5,3,5,3,4,2,5,5,5,4,4,3,3,5,4,4,5,3,5,4
1071,2633644,5,5,4,5,4,4,5,4,4,4,4,4,4,5,4,5,4,5,5,3,5,3,3,4,4,5,5,4,5,4
1072,2634182,3,5,5,5,3,4,5,3,3,3,4,5,4,3,3,5,5,5,5,3,5,5,3,5,4,5,5,3,4,4
1073,2637832,4,3,5,4,4,5,3,3,3,4,3,2,3,3,4,3,4,4,4,4,2,3,3,3,3,5,4,3,5,4
1074,2638015,3,2,5,3,2,5,4,3,3,4,4,3,4,3,4,4,5,5,4,4,1,1,3,4,4,3,5,3,4,2
1075,2639138,5,3,4,4,4,4,5,3,3,5,5,2,5,4,4,5,5,5,4,5,2,1,3,4,4,5,5,3,5,4
1076,2640550,5,3,4,5,4,3,4,4,4,4,3,4,5,5,4,3,4,3,3,5,3,3,4,4,5,5,5,4,5,3
1077,2644964,2,5,5,4,3,5,4,4,4,4,4,2,4,3,2,4,5,5,4,3,5,2,4,5,3,3,3,2,4,4
